                   lambda                   misfit
     1.00000000000000e+05     1.44446395775017e+01
     6.00000000000000e+04     1.32616603425254e+01
     3.60000000000000e+04     1.22489356262299e+01
     2.16000000000000e+04     1.15236001860193e+01
     1.29600000000000e+04     1.14082475312359e+01
     7.77600000000000e+03     1.22377352394586e+01
     4.66560000000000e+03     1.37884466646357e+01
     6.00000000000000e+04     1.30885322347404e+01
     3.60000000000000e+04     1.18147419564708e+01
     2.16000000000000e+04     1.04314744697087e+01
     1.29600000000000e+04     9.06891402111208e+00
     7.77600000000000e+03     7.85561253852643e+00
     4.66560000000000e+03     6.81937412652284e+00
     2.79936000000000e+03     5.92899026933992e+00
     1.67961600000000e+03     5.14711838480286e+00
     1.00776960000000e+03     4.41840332954540e+00
     6.04661760000000e+02     3.74412551359566e+00
     3.62797056000000e+02     3.15958538179374e+00
     2.17678233600000e+02     2.64586895942124e+00
     1.30606940160000e+02     2.23308694454613e+00
     7.83641640960000e+01     1.86811757790640e+00
     4.70184984576000e+01     1.60719782282774e+00
     2.82110990745600e+01     1.35823896059036e+00
     1.69266594447360e+01     1.25960674973297e+00
     1.01559956668416e+01     1.10185211337744e+00
     6.09359740010496e+00     1.05213286528495e+00
     3.65615844006297e+00     1.00109281962864e+00
     2.19369506403778e+00     9.91183493078700e-01
