                   lambda                   misfit
     1.00000000000000e+02     1.38638192111355e+01
     6.00000000000000e+01     1.27831145495076e+01
     3.60000000000000e+01     1.17916143906870e+01
     2.16000000000000e+01     1.11851681087667e+01
     1.29600000000000e+01     1.11343750807567e+01
     7.77600000000000e+00     1.10597173674875e+01
     3.60000000000000e+01     1.01543156666236e+01
     2.16000000000000e+01     8.52826997505034e+00
     1.29600000000000e+01     7.13510715530928e+00
     7.77600000000000e+00     6.04210727364645e+00
     4.66560000000000e+00     5.18085113984942e+00
     2.79936000000000e+00     4.47977894351177e+00
     1.67961600000000e+00     3.88637423051045e+00
     1.00776960000000e+00     3.39851748492127e+00
     6.04661760000000e-01     2.99859543224600e+00
     3.62797056000000e-01     2.67471828772241e+00
     2.17678233600000e-01     2.41634401241091e+00
     1.30606940160000e-01     2.21664474457753e+00
     7.83641640960000e-02     2.06671617302362e+00
     4.70184984576000e-02     1.96054180968552e+00
     2.82110990745600e-02     1.91192215299129e+00
     1.69266594447360e-02     2.02121664060176e+00
     1.01559956668416e-02     3.00905863049009e+00
     1.30606940160000e-01     2.55824764652905e+00
     7.83641640960000e-02     1.94371347123669e+00
     4.70184984576000e-02     1.79028827307904e+00
     2.82110990745600e-02     1.63245882295501e+00
     1.69266594447360e-02     1.51617639253766e+00
     1.01559956668416e-02     1.43879761233820e+00
     6.09359740010496e-03     1.48567541154881e+00
     3.65615844006297e-03     1.88908095712505e+00
     4.70184984576000e-02     1.86903717161369e+00
     2.82110990745600e-02     1.63610196794966e+00
     1.69266594447360e-02     1.51467761680516e+00
     1.01559956668416e-02     1.39944618550876e+00
     6.09359740010496e-03     1.31916913586731e+00
     3.65615844006298e-03     1.40750261641875e+00
     2.19369506403778e-03     1.79018783259685e+00
     2.82110990745600e-02     2.19356007397766e+00
     1.69266594447360e-02     1.44630784002473e+00
     1.01559956668416e-02     1.34118959750079e+00
     6.09359740010496e-03     1.21823801479600e+00
     3.65615844006298e-03     1.14403636748935e+00
     2.19369506403778e-03     1.07949004394393e+00
     1.31621703842267e-03     1.04853415915585e+00
     7.89730223053602e-04     1.04548279748392e+00
     4.73838133832161e-04     1.17865990984109e+00
     2.84302880299297e-04     1.42244487427599e+00
     3.65615844006298e-03     1.16523538870559e+00
     2.19369506403778e-03     1.07243766811514e+00
     1.31621703842267e-03     1.01489650964460e+00
     7.89730223053602e-04     9.64321219567341e-01
