                   lambda                   misfit
     1.00000000000000e+06     4.46591687608405e+01
     1.00000000000000e+05     3.80560958024819e+01
     1.00000000000000e+04     2.61560090321584e+01
     1.00000000000000e+03     1.47991499602618e+01
     1.00000000000000e+02     7.55538655186280e+00
     1.00000000000000e+01     4.84997182522373e+00
     1.00000000000000e+00     5.51819894354741e+00
     1.00000000000000e-01     1.36390185014697e+01
     1.00000000000000e+04     2.85564866172712e+01
     1.00000000000000e+03     1.54958581051039e+01
     1.00000000000000e+02     6.40044189404395e+00
     1.00000000000000e+01     2.84873025504797e+00
     1.00000000000000e+00     2.11508054121001e+00
     1.00000000000000e-01     3.84632368844165e+00
     1.00000000000000e-02     2.65580567563751e+01
     1.00000000000000e+03     1.40920489946731e+01
     1.00000000000000e+02     6.26145280015005e+00
     1.00000000000000e+01     2.36231443178904e+00
     1.00000000000000e+00     1.10776709942215e+00
     1.00000000000000e-01     9.80831006345529e-01
