0 0.00 0.10081375076
50 0.00 0.103880044306
100 0.00 0.104493305087
150 0.00 0.107121238485
200 0.00 0.083469837904
250 0.00 0.059818437323
300 0.00 0.0624463707209
350 0.00 -0.0341513445601
400 0.00 0.835228092968
450 0.00 1.23890490737
500 0.00 5.33363080025
550 0.00 9.04715039209
600 0.00 12.7482523955
650 0.00 17.9954398908
700 0.00 20.9320669957
750 0.00 24.2463980615
800 0.00 19.997043021
850 0.00 16.6148256338
900 0.00 5.14583571628
950 0.00 -6.89338710066
1000 0.00 -5.07166482136
1050 0.00 -4.60835983651
1100 0.00 -4.42182700336
1150 0.00 -3.59510862129
1200 0.00 -8.88638383429
1250 0.00 -14.1888653561
1300 0.00 -13.5601829542
1350 0.00 -17.2992643802
1400 0.00 -23.2249198314
1450 0.00 -18.0211838894
1500 0.00 -8.89941992983
1550 0.00 -7.99624936469
1600 0.00 -2.36443965137
1650 0.00 3.66793976724
1700 0.00 1.70473323762
1750 0.00 0.424822944216
1800 0.00 0.307536236942
1850 0.00 0.0447935378179
1900 0.00 0.0739871710539
1950 0.00 0.0715648373589
2000 0.00 0.0594531678362
0 50.00 0.10081375076
50 50.00 0.103880044306
100 50.00 0.104493305087
150 50.00 0.107121238485
200 50.00 0.083469837904
250 50.00 0.059818437323
300 50.00 0.0624463707209
350 50.00 -0.0341513445601
400 50.00 0.835228092968
450 50.00 1.23890490737
500 50.00 5.33363080025
550 50.00 9.04715039209
600 50.00 12.7482523955
650 50.00 17.9954398908
700 50.00 20.9320669957
750 50.00 24.2463980615
800 50.00 19.997043021
850 50.00 16.6148256338
900 50.00 5.14583571628
950 50.00 -6.89338710066
1000 50.00 -5.07166482136
1050 50.00 -4.60835983651
1100 50.00 -4.42182700336
1150 50.00 -3.59510862129
1200 50.00 -8.88638383429
1250 50.00 -14.1888653561
1300 50.00 -13.5601829542
1350 50.00 -17.2992643802
1400 50.00 -23.2249198314
1450 50.00 -18.0211838894
1500 50.00 -8.89941992983
1550 50.00 -7.99624936469
1600 50.00 -2.36443965137
1650 50.00 3.66793976724
1700 50.00 1.70473323762
1750 50.00 0.424822944216
1800 50.00 0.307536236942
1850 50.00 0.0447935378179
1900 50.00 0.0739871710539
1950 50.00 0.0715648373589
2000 50.00 0.0594531678362
0 100.00 0.10081375076
50 100.00 0.103880044306
100 100.00 0.104493305087
150 100.00 0.107121238485
200 100.00 0.083469837904
250 100.00 0.059818437323
300 100.00 0.0624463707209
350 100.00 -0.0341513445601
400 100.00 0.835228092968
450 100.00 1.23890490737
500 100.00 5.33363080025
550 100.00 8.06691266596
600 100.00 20.4820979387
650 100.00 35.5408176184
700 100.00 38.3078309298
750 100.00 42.5325986594
800 100.00 28.6574602574
850 100.00 15.5335117481
900 100.00 5.14583571628
950 100.00 -6.89338710066
1000 100.00 -5.07166482136
1050 100.00 -4.60835983651
1100 100.00 -4.42182700336
1150 100.00 -2.69710926712
1200 100.00 -15.9105563462
1250 100.00 -29.2877509948
1300 100.00 -41.8508305252
1350 100.00 -62.0958414748
1400 100.00 -66.7562932521
1450 100.00 -52.9692758918
1500 100.00 -22.2441794872
1550 100.00 -6.2416470442
1600 100.00 -2.36443965137
1650 100.00 3.66793976724
1700 100.00 1.70473323762
1750 100.00 0.424822944216
1800 100.00 0.307536236942
1850 100.00 0.0447935378179
1900 100.00 0.0739871710539
1950 100.00 0.0715648373589
2000 100.00 0.0594531678362
0 150.00 0.10081375076
50 150.00 0.103880044306
100 150.00 0.104493305087
150 150.00 0.107121238485
200 150.00 0.083469837904
250 150.00 0.059818437323
300 150.00 0.0624463707209
350 150.00 -0.343369632028
400 150.00 3.30897439271
450 150.00 3.52581532206
500 150.00 34.0395271778
550 150.00 64.4151517302
600 150.00 65.0324834734
650 150.00 77.0764092803
700 150.00 87.9560697377
750 150.00 91.1182689816
800 150.00 93.8920592666
850 150.00 93.028214857
900 150.00 93.5262217671
950 150.00 102.87932039
1000 150.00 54.2710528993
1050 150.00 9.56278582441
1100 150.00 -16.5064181662
1150 150.00 -45.4905972558
1200 150.00 -61.827060461
1250 150.00 -102.821591884
1300 150.00 -122.023916095
1350 150.00 -118.325297564
1400 150.00 -98.2741894573
1450 150.00 -72.2278562039
1500 150.00 -49.3035986423
1550 150.00 -39.9503376037
1600 150.00 -25.5743518323
1650 150.00 -10.3497877419
1700 150.00 -5.13563013077
1750 150.00 1.91672277916
1800 150.00 0.575685463846
1850 150.00 0.0112748844549
1900 150.00 0.0739871710539
1950 150.00 0.0715648373589
2000 150.00 0.0594531678362
0 200.00 0.10081375076
50 200.00 0.103880044306
100 200.00 0.104493305087
150 200.00 0.107121238485
200 200.00 0.083469837904
250 200.00 0.059818437323
300 200.00 0.0624463707209
350 200.00 -0.343369632028
400 200.00 3.30897439271
450 200.00 3.52581532206
500 200.00 34.0395271778
550 200.00 61.8161453903
600 200.00 84.8169972003
650 200.00 128.67386654
700 200.00 152.185545653
750 200.00 160.054166883
800 200.00 131.824925095
850 200.00 102.563138634
900 200.00 98.4108662307
950 200.00 102.241547726
1000 200.00 54.2710528993
1050 200.00 9.56278582441
1100 200.00 -16.5064181662
1150 200.00 -40.0691850859
1200 200.00 -105.302164793
1250 200.00 -195.10389775
1300 200.00 -201.037433386
1350 200.00 -175.195831507
1400 200.00 -132.614244729
1450 200.00 -104.992233902
1500 200.00 -85.3497616649
1550 200.00 -78.2472556084
1600 200.00 -45.0890230238
1650 200.00 -7.94657550752
1700 200.00 -5.13563013077
1750 200.00 1.91672277916
1800 200.00 0.575685463846
1850 200.00 0.0112748844549
1900 200.00 0.0739871710539
1950 200.00 0.0715648373589
2000 200.00 0.0594531678362
0 250.00 -1.29898192734
50 250.00 -1.33301040158
100 250.00 -1.33981609344
150 250.00 -1.35999143869
200 250.00 -1.17841333151
250 250.00 -0.99683522433
300 250.00 -1.01701056957
350 250.00 -2.49429862946
400 250.00 10.8012939095
450 250.00 21.3129139468
500 250.00 42.7635890841
550 250.00 84.7175671756
600 250.00 118.678697735
650 250.00 154.75595215
700 250.00 231.532310396
750 250.00 287.874201775
800 250.00 245.470809937
850 250.00 212.067548037
900 250.00 193.898120522
950 250.00 136.311188012
1000 250.00 86.0792379156
1050 250.00 13.5816549286
1100 250.00 -98.2810792103
1150 250.00 -140.752776854
1200 250.00 -208.944568634
1250 250.00 -283.506372929
1300 250.00 -275.038291931
1350 250.00 -278.619570732
1400 250.00 -244.737136841
1450 250.00 -215.29797411
1500 250.00 -178.889812469
1550 250.00 -147.054221623
1600 250.00 -76.4619217515
1650 250.00 -1.31577967107
1700 250.00 -10.4647687078
1750 250.00 -12.4062608704
1800 250.00 -2.12759065628
1850 250.00 8.06114506721
1900 250.00 6.92906332016
1950 250.00 6.95534621924
2000 250.00 7.08676108718
0 300.00 -1.29898192734
50 300.00 -1.33301040158
100 300.00 -1.33981609344
150 300.00 -1.35999143869
200 300.00 -1.17841333151
250 300.00 -0.99683522433
300 300.00 -1.01701056957
350 300.00 -2.49429862946
400 300.00 10.8012939095
450 300.00 21.0307729319
500 300.00 45.5153144449
550 300.00 85.1438491791
600 300.00 118.175307885
650 300.00 157.829991996
700 300.00 232.385083079
750 300.00 287.757129133
800 300.00 245.470809937
850 300.00 209.880562365
900 300.00 212.870292664
950 300.00 164.644868208
1000 300.00 73.0154200215
1050 300.00 -34.5776554327
1100 300.00 -123.184500383
1150 300.00 -137.735227942
1200 300.00 -208.944568634
1250 300.00 -283.506372929
1300 300.00 -275.038291931
1350 300.00 -278.619570732
1400 300.00 -244.737136841
1450 300.00 -215.29797411
1500 300.00 -178.889812469
1550 300.00 -147.054221623
1600 300.00 -76.4619217515
1650 300.00 -1.31577967107
1700 300.00 -10.4647687078
1750 300.00 -12.4062608704
1800 300.00 -2.12759065628
1850 300.00 8.06114506721
1900 300.00 6.92906332016
1950 300.00 6.95534621924
2000 300.00 7.08676108718
0 350.00 -1.29898192734
50 350.00 -1.33301040158
100 350.00 -1.33981609344
150 350.00 -1.35999143869
200 350.00 -1.17841333151
250 350.00 -0.99683522433
300 350.00 -1.01701056957
350 350.00 -3.72892408818
400 350.00 20.6782975793
450 350.00 41.4811270759
500 350.00 71.2087430954
550 350.00 98.8781567216
600 350.00 134.75156796
650 350.00 208.098586798
700 350.00 240.376272082
750 350.00 247.22616607
800 350.00 207.552566528
850 350.00 167.486728609
900 350.00 184.659444392
950 350.00 177.100734055
1000 350.00 29.0135087371
1050 350.00 -82.9336438179
1100 350.00 -85.1487865448
1150 350.00 -90.8402014971
1200 350.00 -174.258511305
1250 350.00 -267.374285221
1300 350.00 -243.389624834
1350 350.00 -226.68372643
1400 350.00 -196.689540863
1450 350.00 -166.37143898
1500 350.00 -153.16261673
1550 350.00 -144.095999002
1600 350.00 -76.4980564117
1650 350.00 -7.02401554585
1700 350.00 -14.8422822952
1750 350.00 -16.3087216318
1800 350.00 -4.00112748146
1850 350.00 8.29533717036
1900 350.00 6.92906332016
1950 350.00 6.95534621924
2000 350.00 7.08676108718
0 400.00 -1.29898192734
50 400.00 -1.33301040158
100 400.00 -1.33981609344
150 400.00 -1.35999143869
200 400.00 -1.17841333151
250 400.00 -0.99683522433
300 400.00 -1.01701056957
350 400.00 -3.72892408818
400 400.00 20.6782975793
450 400.00 41.4811270759
500 400.00 71.2087430954
550 400.00 99.5295715928
600 400.00 128.90900594
650 400.00 202.054306567
700 400.00 240.846140563
750 400.00 247.246337891
800 400.00 207.552566528
850 400.00 169.563160598
900 400.00 166.940592796
950 400.00 149.69151935
1000 400.00 22.3686139286
1050 400.00 -81.964607507
1100 400.00 -85.1487865448
1150 400.00 -91.9624284506
1200 400.00 -165.161972404
1250 400.00 -248.242709517
1300 400.00 -235.480318666
1350 400.00 -227.68723011
1400 400.00 -196.689540863
1450 400.00 -166.37143898
1500 400.00 -153.16261673
1550 400.00 -144.095999002
1600 400.00 -76.4980564117
1650 400.00 -7.02401554585
1700 400.00 -14.8422822952
1750 400.00 -16.3087216318
1800 400.00 -4.00112748146
1850 400.00 8.29533717036
1900 400.00 6.92906332016
1950 400.00 6.95534621924
2000 400.00 7.08676108718
0 450.00 -10.1779457219
50 450.00 -10.311125055
100 450.00 -10.3377609253
150 450.00 -11.8509628177
200 450.00 1.76785421371
250 450.00 15.3866712451
300 450.00 13.8734693527
350 450.00 10.8840762973
400 450.00 37.7886137962
450 450.00 64.6931512952
500 450.00 61.7037582397
550 450.00 60.7408280373
600 450.00 69.4071998596
650 450.00 77.9941422939
700 450.00 77.7460765839
750 450.00 81.2626729608
800 450.00 55.9676566124
850 450.00 31.2224806547
900 450.00 29.7905135155
950 450.00 29.4111040235
1000 450.00 -4.80709075928
1050 450.00 -39.4956965446
1100 450.00 -35.6414070129
1150 450.00 -32.1666882038
1200 450.00 -63.439157486
1250 450.00 -94.8204030991
1300 450.00 -90.3666973114
1350 450.00 -90.9403848648
1400 450.00 -77.0750904083
1450 450.00 -63.1010196209
1500 450.00 -64.6536941528
1550 450.00 -67.3924180269
1600 450.00 -42.7439031601
1650 450.00 -18.0953882933
1700 450.00 -20.8341121674
1750 450.00 -22.4018662274
1800 450.00 -8.29207968712
1850 450.00 5.81770685315
1900 450.00 4.24995279312
1950 450.00 4.25295301154
2000 450.00 4.2679537423
0 500.00 -10.1779457219
50 500.00 -10.311125055
100 500.00 -10.3377609253
150 500.00 -11.8509628177
200 500.00 1.76785421371
250 500.00 15.3866712451
300 500.00 13.8734693527
350 500.00 10.8840762973
400 500.00 37.7886137962
450 500.00 64.6931512952
500 500.00 61.7037582397
550 500.00 60.7408280373
600 500.00 69.4071998596
650 500.00 77.9941422939
700 500.00 77.7460765839
750 500.00 81.2626729608
800 500.00 55.9676566124
850 500.00 31.2224806547
900 500.00 29.7905135155
950 500.00 29.4111040235
1000 500.00 -4.80709075928
1050 500.00 -39.4956965446
1100 500.00 -35.6414070129
1150 500.00 -32.1666882038
1200 500.00 -63.439157486
1250 500.00 -94.8204030991
1300 500.00 -90.3666973114
1350 500.00 -90.9403848648
1400 500.00 -77.0750904083
1450 500.00 -63.1010196209
1500 500.00 -64.6536941528
1550 500.00 -67.3924180269
1600 500.00 -42.7439031601
1650 500.00 -18.0953882933
1700 500.00 -20.8341121674
1750 500.00 -22.4018662274
1800 500.00 -8.29207968712
1850 500.00 5.81770685315
1900 500.00 4.24995279312
1950 500.00 4.25295301154
2000 500.00 4.2679537423
0 550.00 -10.1779457219
50 550.00 -10.311125055
100 550.00 -10.3377609253
150 550.00 -11.8509628177
200 550.00 1.76785421371
250 550.00 15.3866712451
300 550.00 13.8734693527
350 550.00 10.8840762973
400 550.00 37.7886137962
450 550.00 64.6931512952
500 550.00 61.7037582397
550 550.00 61.7466282845
600 550.00 61.3607978821
650 550.00 60.836435318
700 550.00 62.1260948181
750 550.00 65.9372435808
800 550.00 42.7194776535
850 550.00 19.7487875819
900 550.00 21.336253643
950 550.00 23.8661923409
1000 550.00 -7.58675146103
1050 550.00 -39.1482389569
1100 550.00 -35.6414070129
1150 550.00 -32.9513735771
1200 550.00 -57.1616744995
1250 550.00 -81.511944294
1300 550.00 -77.5621910095
1350 550.00 -77.0392677784
1400 550.00 -70.5480670929
1450 550.00 -63.9168975353
1500 550.00 -64.6536941528
1550 550.00 -67.3924180269
1600 550.00 -42.7439031601
1650 550.00 -18.0953882933
1700 550.00 -20.8341121674
1750 550.00 -22.4018662274
1800 550.00 -8.29207968712
1850 550.00 5.81770685315
1900 550.00 4.24995279312
1950 550.00 4.25295301154
2000 550.00 4.2679537423
0 600.00 -10.1779457219
50 600.00 -10.311125055
100 600.00 -10.3377609253
150 600.00 -11.8509628177
200 600.00 1.76785421371
250 600.00 15.3866712451
300 600.00 13.8734693527
350 600.00 10.8840762973
400 600.00 37.7886137962
450 600.00 64.6931512952
500 600.00 61.7037582397
550 600.00 61.7466282845
600 600.00 61.3607978821
650 600.00 60.836435318
700 600.00 62.1260948181
750 600.00 65.9372435808
800 600.00 42.7194776535
850 600.00 19.7487875819
900 600.00 21.336253643
950 600.00 23.8661923409
1000 600.00 -7.58675146103
1050 600.00 -39.1482389569
1100 600.00 -35.6414070129
1150 600.00 -32.9513735771
1200 600.00 -57.1616744995
1250 600.00 -81.511944294
1300 600.00 -77.5621910095
1350 600.00 -77.0392677784
1400 600.00 -70.5480670929
1450 600.00 -63.9168975353
1500 600.00 -64.6536941528
1550 600.00 -67.3924180269
1600 600.00 -42.7439031601
1650 600.00 -18.0953882933
1700 600.00 -20.8341121674
1750 600.00 -22.4018662274
1800 600.00 -8.29207968712
1850 600.00 5.81770685315
1900 600.00 4.24995279312
1950 600.00 4.25295301154
2000 600.00 4.2679537423
0 650.00 -2.40327666514
50 650.00 -2.48910739645
100 650.00 -2.50627350807
150 650.00 -3.57004751265
200 650.00 6.00391852856
250 650.00 15.5778845698
300 650.00 14.5141105652
350 650.00 13.9300726652
400 650.00 19.186413765
450 650.00 24.4427548647
500 650.00 23.8587169647
550 650.00 24.2088068724
600 650.00 21.0579977036
650 650.00 17.9071885347
700 650.00 18.2572784424
750 650.00 19.3311539665
800 650.00 9.66627424955
850 650.00 0.00139453262091
900 650.00 1.07527005672
950 650.00 2.40355589241
1000 650.00 -9.55101662874
1050 650.00 -21.5055891499
1100 650.00 -20.1773033142
1150 650.00 -19.2341754436
1200 650.00 -27.7223262787
1250 650.00 -36.2104771137
1300 650.00 -35.2673492432
1350 650.00 -35.3412401676
1400 650.00 -34.6762218475
1450 650.00 -34.0112035275
1500 650.00 -34.0850944519
1550 650.00 -35.1682817936
1600 650.00 -25.4195957184
1650 650.00 -15.6709096432
1700 650.00 -16.7540969849
1750 650.00 -17.8585988991
1800 650.00 -7.918081671
1850 650.00 2.0224355571
1900 650.00 0.917933642864
1950 650.00 0.911143871956
2000 650.00 0.877195057925
0 700.00 -2.40327666514
50 700.00 -2.48910739645
100 700.00 -2.50627350807
150 700.00 -3.57004751265
200 700.00 6.00391852856
250 700.00 15.5778845698
300 700.00 14.5141105652
350 700.00 13.9300726652
400 700.00 19.186413765
450 700.00 24.4427548647
500 700.00 23.8587169647
550 700.00 24.2088068724
600 700.00 21.0579977036
650 700.00 17.9071885347
700 700.00 18.2572784424
750 700.00 19.3311539665
800 700.00 9.66627424955
850 700.00 0.00139453262091
900 700.00 1.07527005672
950 700.00 2.40355589241
1000 700.00 -9.55101662874
1050 700.00 -21.5055891499
1100 700.00 -20.1773033142
1150 700.00 -19.2341754436
1200 700.00 -27.7223262787
1250 700.00 -36.2104771137
1300 700.00 -35.2673492432
1350 700.00 -35.3412401676
1400 700.00 -34.6762218475
1450 700.00 -34.0112035275
1500 700.00 -34.0850944519
1550 700.00 -35.1682817936
1600 700.00 -25.4195957184
1650 700.00 -15.6709096432
1700 700.00 -16.7540969849
1750 700.00 -17.8585988991
1800 700.00 -7.918081671
1850 700.00 2.0224355571
1900 700.00 0.917933642864
1950 700.00 0.911143871956
2000 700.00 0.877195057925
0 750.00 -2.40327666514
50 750.00 -2.48910739645
100 750.00 -2.50627350807
150 750.00 -3.57004751265
200 750.00 6.00391852856
250 750.00 15.5778845698
300 750.00 14.5141105652
350 750.00 13.9300726652
400 750.00 19.186413765
450 750.00 24.4427548647
500 750.00 23.8587169647
550 750.00 24.2088068724
600 750.00 21.0579977036
650 750.00 17.9071885347
700 750.00 18.2572784424
750 750.00 19.3311539665
800 750.00 9.66627424955
850 750.00 0.00139453262091
900 750.00 1.07527005672
950 750.00 2.40355589241
1000 750.00 -9.55101662874
1050 750.00 -21.5055891499
1100 750.00 -20.1773033142
1150 750.00 -19.2341754436
1200 750.00 -27.7223262787
1250 750.00 -36.2104771137
1300 750.00 -35.2673492432
1350 750.00 -35.3412401676
1400 750.00 -34.6762218475
1450 750.00 -34.0112035275
1500 750.00 -34.0850944519
1550 750.00 -35.1682817936
1600 750.00 -25.4195957184
1650 750.00 -15.6709096432
1700 750.00 -16.7540969849
1750 750.00 -17.8585988991
1800 750.00 -7.918081671
1850 750.00 2.0224355571
1900 750.00 0.917933642864
1950 750.00 0.911143871956
2000 750.00 0.877195057925
0 800.00 -2.40327666514
50 800.00 -2.48910739645
100 800.00 -2.50627350807
150 800.00 -3.57004751265
200 800.00 6.00391852856
250 800.00 15.5778845698
300 800.00 14.5141105652
350 800.00 13.9300726652
400 800.00 19.186413765
450 800.00 24.4427548647
500 800.00 23.8587169647
550 800.00 24.2088068724
600 800.00 21.0579977036
650 800.00 17.9071885347
700 800.00 18.2572784424
750 800.00 19.3311539665
800 800.00 9.66627424955
850 800.00 0.00139453262091
900 800.00 1.07527005672
950 800.00 2.40355589241
1000 800.00 -9.55101662874
1050 800.00 -21.5055891499
1100 800.00 -20.1773033142
1150 800.00 -19.2341754436
1200 800.00 -27.7223262787
1250 800.00 -36.2104771137
1300 800.00 -35.2673492432
1350 800.00 -35.3412401676
1400 800.00 -34.6762218475
1450 800.00 -34.0112035275
1500 800.00 -34.0850944519
1550 800.00 -35.1682817936
1600 800.00 -25.4195957184
1650 800.00 -15.6709096432
1700 800.00 -16.7540969849
1750 800.00 -17.8585988991
1800 800.00 -7.918081671
1850 800.00 2.0224355571
1900 800.00 0.917933642864
1950 800.00 0.911143871956
2000 800.00 0.877195057925
0 850.00 1.12667291798
50 850.00 1.07901818026
100 850.00 1.06948721409
150 850.00 0.524576164782
200 850.00 5.42877560854
250 850.00 10.3329750523
300 850.00 9.78806400299
350 850.00 9.68709421158
400 850.00 10.5958223343
450 850.00 11.504550457
500 850.00 11.4035806656
550 850.00 11.7226124704
600 850.00 8.85132622719
650 850.00 5.98003998399
700 850.00 6.29907178879
750 850.00 6.89293760061
800 850.00 1.54814529419
850 850.00 -3.79664701223
900 850.00 -3.20278120041
950 850.00 -2.54219326377
1000 850.00 -8.48748469353
1050 850.00 -14.4327761233
1100 850.00 -13.7721881866
1150 850.00 -13.3060195446
1200 850.00 -17.501537323
1250 850.00 -21.6970551014
1300 850.00 -21.2308864594
1350 850.00 -21.2225549221
1400 850.00 -21.2975387573
1450 850.00 -21.3725225925
1500 850.00 -21.3641910553
1550 850.00 -21.900192678
1600 850.00 -17.0761780739
1650 850.00 -12.2521634698
1700 850.00 -12.7881650925
1750 850.00 -13.5478467941
1800 850.00 -6.71071147919
1850 850.00 0.126423835754
1900 850.00 -0.633257865906
1950 850.00 -0.642743407749
2000 850.00 -0.690171118826
0 900.00 1.12667291798
50 900.00 1.07901818026
100 900.00 1.06948721409
150 900.00 0.524576164782
200 900.00 5.42877560854
250 900.00 10.3329750523
300 900.00 9.78806400299
350 900.00 9.68709421158
400 900.00 10.5958223343
450 900.00 11.504550457
500 900.00 11.4035806656
550 900.00 11.7226124704
600 900.00 8.85132622719
650 900.00 5.98003998399
700 900.00 6.29907178879
750 900.00 6.89293760061
800 900.00 1.54814529419
850 900.00 -3.79664701223
900 900.00 -3.20278120041
950 900.00 -2.54219326377
1000 900.00 -8.48748469353
1050 900.00 -14.4327761233
1100 900.00 -13.7721881866
1150 900.00 -13.3060195446
1200 900.00 -17.501537323
1250 900.00 -21.6970551014
1300 900.00 -21.2308864594
1350 900.00 -21.2225549221
1400 900.00 -21.2975387573
1450 900.00 -21.3725225925
1500 900.00 -21.3641910553
1550 900.00 -21.900192678
1600 900.00 -17.0761780739
1650 900.00 -12.2521634698
1700 900.00 -12.7881650925
1750 900.00 -13.5478467941
1800 900.00 -6.71071147919
1850 900.00 0.126423835754
1900 900.00 -0.633257865906
1950 900.00 -0.642743407749
2000 900.00 -0.690171118826
0 950.00 1.12667291798
50 950.00 1.07901818026
100 950.00 1.06948721409
150 950.00 0.524576164782
200 950.00 5.42877560854
250 950.00 10.3329750523
300 950.00 9.78806400299
350 950.00 9.68709421158
400 950.00 10.5958223343
450 950.00 11.504550457
500 950.00 11.4035806656
550 950.00 11.7226124704
600 950.00 8.85132622719
650 950.00 5.98003998399
700 950.00 6.29907178879
750 950.00 6.89293760061
800 950.00 1.54814529419
850 950.00 -3.79664701223
900 950.00 -3.20278120041
950 950.00 -2.54219326377
1000 950.00 -8.48748469353
1050 950.00 -14.4327761233
1100 950.00 -13.7721881866
1150 950.00 -13.3060195446
1200 950.00 -17.501537323
1250 950.00 -21.6970551014
1300 950.00 -21.2308864594
1350 950.00 -21.2225549221
1400 950.00 -21.2975387573
1450 950.00 -21.3725225925
1500 950.00 -21.3641910553
1550 950.00 -21.900192678
1600 950.00 -17.0761780739
1650 950.00 -12.2521634698
1700 950.00 -12.7881650925
1750 950.00 -13.5478467941
1800 950.00 -6.71071147919
1850 950.00 0.126423835754
1900 950.00 -0.633257865906
1950 950.00 -0.642743407749
2000 950.00 -0.690171118826
0 1000.00 1.12667291798
50 1000.00 1.07901818026
100 1000.00 1.06948721409
150 1000.00 0.524576164782
200 1000.00 5.42877560854
250 1000.00 10.3329750523
300 1000.00 9.78806400299
350 1000.00 9.68709421158
400 1000.00 10.5958223343
450 1000.00 11.504550457
500 1000.00 11.4035806656
550 1000.00 11.7226124704
600 1000.00 8.85132622719
650 1000.00 5.98003998399
700 1000.00 6.29907178879
750 1000.00 6.89293760061
800 1000.00 1.54814529419
850 1000.00 -3.79664701223
900 1000.00 -3.20278120041
950 1000.00 -2.54219326377
1000 1000.00 -8.48748469353
1050 1000.00 -14.4327761233
1100 1000.00 -13.7721881866
1150 1000.00 -13.3060195446
1200 1000.00 -17.501537323
1250 1000.00 -21.6970551014
1300 1000.00 -21.2308864594
1350 1000.00 -21.2225549221
1400 1000.00 -21.2975387573
1450 1000.00 -21.3725225925
1500 1000.00 -21.3641910553
1550 1000.00 -21.900192678
1600 1000.00 -17.0761780739
1650 1000.00 -12.2521634698
1700 1000.00 -12.7881650925
1750 1000.00 -13.5478467941
1800 1000.00 -6.71071147919
1850 1000.00 0.126423835754
1900 1000.00 -0.633257865906
1950 1000.00 -0.642743407749
2000 1000.00 -0.690171118826
0 1050.00 1.12667291798
50 1050.00 1.07901818026
100 1050.00 1.06948721409
150 1050.00 0.524576164782
200 1050.00 5.42877560854
250 1050.00 10.3329750523
300 1050.00 9.78806400299
350 1050.00 9.68709421158
400 1050.00 10.5958223343
450 1050.00 11.504550457
500 1050.00 11.4035806656
550 1050.00 11.7226124704
600 1050.00 8.85132622719
650 1050.00 5.98003998399
700 1050.00 6.29907178879
750 1050.00 6.89293760061
800 1050.00 1.54814529419
850 1050.00 -3.79664701223
900 1050.00 -3.20278120041
950 1050.00 -2.54219326377
1000 1050.00 -8.48748469353
1050 1050.00 -14.4327761233
1100 1050.00 -13.7721881866
1150 1050.00 -13.3060195446
1200 1050.00 -17.501537323
1250 1050.00 -21.6970551014
1300 1050.00 -21.2308864594
1350 1050.00 -21.2225549221
1400 1050.00 -21.2975387573
1450 1050.00 -21.3725225925
1500 1050.00 -21.3641910553
1550 1050.00 -21.900192678
1600 1050.00 -17.0761780739
1650 1050.00 -12.2521634698
1700 1050.00 -12.7881650925
1750 1050.00 -13.5478467941
1800 1050.00 -6.71071147919
1850 1050.00 0.126423835754
1900 1050.00 -0.633257865906
1950 1050.00 -0.642743407749
2000 1050.00 -0.690171118826
0 1100.00 0
50 1100.00 0
100 1100.00 0
150 1100.00 0
200 1100.00 0
250 1100.00 0
300 1100.00 0
350 1100.00 0
400 1100.00 0
450 1100.00 0
500 1100.00 0
550 1100.00 0
600 1100.00 0
650 1100.00 0
700 1100.00 0
750 1100.00 0
800 1100.00 0
850 1100.00 0
900 1100.00 0
950 1100.00 0
1000 1100.00 0
1050 1100.00 0
1100 1100.00 0
1150 1100.00 0
1200 1100.00 0
1250 1100.00 0
1300 1100.00 0
1350 1100.00 0
1400 1100.00 0
1450 1100.00 0
1500 1100.00 0
1550 1100.00 0
1600 1100.00 0
1650 1100.00 0
1700 1100.00 0
1750 1100.00 0
1800 1100.00 0
1850 1100.00 0
1900 1100.00 0
1950 1100.00 0
2000 1100.00 0
0 1150.00 0
50 1150.00 0
100 1150.00 0
150 1150.00 0
200 1150.00 0
250 1150.00 0
300 1150.00 0
350 1150.00 0
400 1150.00 0
450 1150.00 0
500 1150.00 0
550 1150.00 0
600 1150.00 0
650 1150.00 0
700 1150.00 0
750 1150.00 0
800 1150.00 0
850 1150.00 0
900 1150.00 0
950 1150.00 0
1000 1150.00 0
1050 1150.00 0
1100 1150.00 0
1150 1150.00 0
1200 1150.00 0
1250 1150.00 0
1300 1150.00 0
1350 1150.00 0
1400 1150.00 0
1450 1150.00 0
1500 1150.00 0
1550 1150.00 0
1600 1150.00 0
1650 1150.00 0
1700 1150.00 0
1750 1150.00 0
1800 1150.00 0
1850 1150.00 0
1900 1150.00 0
1950 1150.00 0
2000 1150.00 0
0 1200.00 0
50 1200.00 0
100 1200.00 0
150 1200.00 0
200 1200.00 0
250 1200.00 0
300 1200.00 0
350 1200.00 0
400 1200.00 0
450 1200.00 0
500 1200.00 0
550 1200.00 0
600 1200.00 0
650 1200.00 0
700 1200.00 0
750 1200.00 0
800 1200.00 0
850 1200.00 0
900 1200.00 0
950 1200.00 0
1000 1200.00 0
1050 1200.00 0
1100 1200.00 0
1150 1200.00 0
1200 1200.00 0
1250 1200.00 0
1300 1200.00 0
1350 1200.00 0
1400 1200.00 0
1450 1200.00 0
1500 1200.00 0
1550 1200.00 0
1600 1200.00 0
1650 1200.00 0
1700 1200.00 0
1750 1200.00 0
1800 1200.00 0
1850 1200.00 0
1900 1200.00 0
1950 1200.00 0
2000 1200.00 0
0 1250.00 0
50 1250.00 0
100 1250.00 0
150 1250.00 0
200 1250.00 0
250 1250.00 0
300 1250.00 0
350 1250.00 0
400 1250.00 0
450 1250.00 0
500 1250.00 0
550 1250.00 0
600 1250.00 0
650 1250.00 0
700 1250.00 0
750 1250.00 0
800 1250.00 0
850 1250.00 0
900 1250.00 0
950 1250.00 0
1000 1250.00 0
1050 1250.00 0
1100 1250.00 0
1150 1250.00 0
1200 1250.00 0
1250 1250.00 0
1300 1250.00 0
1350 1250.00 0
1400 1250.00 0
1450 1250.00 0
1500 1250.00 0
1550 1250.00 0
1600 1250.00 0
1650 1250.00 0
1700 1250.00 0
1750 1250.00 0
1800 1250.00 0
1850 1250.00 0
1900 1250.00 0
1950 1250.00 0
2000 1250.00 0
0 1300.00 0
50 1300.00 0
100 1300.00 0
150 1300.00 0
200 1300.00 0
250 1300.00 0
300 1300.00 0
350 1300.00 0
400 1300.00 0
450 1300.00 0
500 1300.00 0
550 1300.00 0
600 1300.00 0
650 1300.00 0
700 1300.00 0
750 1300.00 0
800 1300.00 0
850 1300.00 0
900 1300.00 0
950 1300.00 0
1000 1300.00 0
1050 1300.00 0
1100 1300.00 0
1150 1300.00 0
1200 1300.00 0
1250 1300.00 0
1300 1300.00 0
1350 1300.00 0
1400 1300.00 0
1450 1300.00 0
1500 1300.00 0
1550 1300.00 0
1600 1300.00 0
1650 1300.00 0
1700 1300.00 0
1750 1300.00 0
1800 1300.00 0
1850 1300.00 0
1900 1300.00 0
1950 1300.00 0
2000 1300.00 0
0 1350.00 0
50 1350.00 0
100 1350.00 0
150 1350.00 0
200 1350.00 0
250 1350.00 0
300 1350.00 0
350 1350.00 0
400 1350.00 0
450 1350.00 0
500 1350.00 0
550 1350.00 0
600 1350.00 0
650 1350.00 0
700 1350.00 0
750 1350.00 0
800 1350.00 0
850 1350.00 0
900 1350.00 0
950 1350.00 0
1000 1350.00 0
1050 1350.00 0
1100 1350.00 0
1150 1350.00 0
1200 1350.00 0
1250 1350.00 0
1300 1350.00 0
1350 1350.00 0
1400 1350.00 0
1450 1350.00 0
1500 1350.00 0
1550 1350.00 0
1600 1350.00 0
1650 1350.00 0
1700 1350.00 0
1750 1350.00 0
1800 1350.00 0
1850 1350.00 0
1900 1350.00 0
1950 1350.00 0
2000 1350.00 0
0 1400.00 0
50 1400.00 0
100 1400.00 0
150 1400.00 0
200 1400.00 0
250 1400.00 0
300 1400.00 0
350 1400.00 0
400 1400.00 0
450 1400.00 0
500 1400.00 0
550 1400.00 0
600 1400.00 0
650 1400.00 0
700 1400.00 0
750 1400.00 0
800 1400.00 0
850 1400.00 0
900 1400.00 0
950 1400.00 0
1000 1400.00 0
1050 1400.00 0
1100 1400.00 0
1150 1400.00 0
1200 1400.00 0
1250 1400.00 0
1300 1400.00 0
1350 1400.00 0
1400 1400.00 0
1450 1400.00 0
1500 1400.00 0
1550 1400.00 0
1600 1400.00 0
1650 1400.00 0
1700 1400.00 0
1750 1400.00 0
1800 1400.00 0
1850 1400.00 0
1900 1400.00 0
1950 1400.00 0
2000 1400.00 0
0 1450.00 0
50 1450.00 0
100 1450.00 0
150 1450.00 0
200 1450.00 0
250 1450.00 0
300 1450.00 0
350 1450.00 0
400 1450.00 0
450 1450.00 0
500 1450.00 0
550 1450.00 0
600 1450.00 0
650 1450.00 0
700 1450.00 0
750 1450.00 0
800 1450.00 0
850 1450.00 0
900 1450.00 0
950 1450.00 0
1000 1450.00 0
1050 1450.00 0
1100 1450.00 0
1150 1450.00 0
1200 1450.00 0
1250 1450.00 0
1300 1450.00 0
1350 1450.00 0
1400 1450.00 0
1450 1450.00 0
1500 1450.00 0
1550 1450.00 0
1600 1450.00 0
1650 1450.00 0
1700 1450.00 0
1750 1450.00 0
1800 1450.00 0
1850 1450.00 0
1900 1450.00 0
1950 1450.00 0
2000 1450.00 0
0 1500.00 0
50 1500.00 0
100 1500.00 0
150 1500.00 0
200 1500.00 0
250 1500.00 0
300 1500.00 0
350 1500.00 0
400 1500.00 0
450 1500.00 0
500 1500.00 0
550 1500.00 0
600 1500.00 0
650 1500.00 0
700 1500.00 0
750 1500.00 0
800 1500.00 0
850 1500.00 0
900 1500.00 0
950 1500.00 0
1000 1500.00 0
1050 1500.00 0
1100 1500.00 0
1150 1500.00 0
1200 1500.00 0
1250 1500.00 0
1300 1500.00 0
1350 1500.00 0
1400 1500.00 0
1450 1500.00 0
1500 1500.00 0
1550 1500.00 0
1600 1500.00 0
1650 1500.00 0
1700 1500.00 0
1750 1500.00 0
1800 1500.00 0
1850 1500.00 0
1900 1500.00 0
1950 1500.00 0
2000 1500.00 0
0 1550.00 0
50 1550.00 0
100 1550.00 0
150 1550.00 0
200 1550.00 0
250 1550.00 0
300 1550.00 0
350 1550.00 0
400 1550.00 0
450 1550.00 0
500 1550.00 0
550 1550.00 0
600 1550.00 0
650 1550.00 0
700 1550.00 0
750 1550.00 0
800 1550.00 0
850 1550.00 0
900 1550.00 0
950 1550.00 0
1000 1550.00 0
1050 1550.00 0
1100 1550.00 0
1150 1550.00 0
1200 1550.00 0
1250 1550.00 0
1300 1550.00 0
1350 1550.00 0
1400 1550.00 0
1450 1550.00 0
1500 1550.00 0
1550 1550.00 0
1600 1550.00 0
1650 1550.00 0
1700 1550.00 0
1750 1550.00 0
1800 1550.00 0
1850 1550.00 0
1900 1550.00 0
1950 1550.00 0
2000 1550.00 0
0 1600.00 0
50 1600.00 0
100 1600.00 0
150 1600.00 0
200 1600.00 0
250 1600.00 0
300 1600.00 0
350 1600.00 0
400 1600.00 0
450 1600.00 0
500 1600.00 0
550 1600.00 0
600 1600.00 0
650 1600.00 0
700 1600.00 0
750 1600.00 0
800 1600.00 0
850 1600.00 0
900 1600.00 0
950 1600.00 0
1000 1600.00 0
1050 1600.00 0
1100 1600.00 0
1150 1600.00 0
1200 1600.00 0
1250 1600.00 0
1300 1600.00 0
1350 1600.00 0
1400 1600.00 0
1450 1600.00 0
1500 1600.00 0
1550 1600.00 0
1600 1600.00 0
1650 1600.00 0
1700 1600.00 0
1750 1600.00 0
1800 1600.00 0
1850 1600.00 0
1900 1600.00 0
1950 1600.00 0
2000 1600.00 0
0 1650.00 0
50 1650.00 0
100 1650.00 0
150 1650.00 0
200 1650.00 0
250 1650.00 0
300 1650.00 0
350 1650.00 0
400 1650.00 0
450 1650.00 0
500 1650.00 0
550 1650.00 0
600 1650.00 0
650 1650.00 0
700 1650.00 0
750 1650.00 0
800 1650.00 0
850 1650.00 0
900 1650.00 0
950 1650.00 0
1000 1650.00 0
1050 1650.00 0
1100 1650.00 0
1150 1650.00 0
1200 1650.00 0
1250 1650.00 0
1300 1650.00 0
1350 1650.00 0
1400 1650.00 0
1450 1650.00 0
1500 1650.00 0
1550 1650.00 0
1600 1650.00 0
1650 1650.00 0
1700 1650.00 0
1750 1650.00 0
1800 1650.00 0
1850 1650.00 0
1900 1650.00 0
1950 1650.00 0
2000 1650.00 0
0 1700.00 0
50 1700.00 0
100 1700.00 0
150 1700.00 0
200 1700.00 0
250 1700.00 0
300 1700.00 0
350 1700.00 0
400 1700.00 0
450 1700.00 0
500 1700.00 0
550 1700.00 0
600 1700.00 0
650 1700.00 0
700 1700.00 0
750 1700.00 0
800 1700.00 0
850 1700.00 0
900 1700.00 0
950 1700.00 0
1000 1700.00 0
1050 1700.00 0
1100 1700.00 0
1150 1700.00 0
1200 1700.00 0
1250 1700.00 0
1300 1700.00 0
1350 1700.00 0
1400 1700.00 0
1450 1700.00 0
1500 1700.00 0
1550 1700.00 0
1600 1700.00 0
1650 1700.00 0
1700 1700.00 0
1750 1700.00 0
1800 1700.00 0
1850 1700.00 0
1900 1700.00 0
1950 1700.00 0
2000 1700.00 0
0 1750.00 0
50 1750.00 0
100 1750.00 0
150 1750.00 0
200 1750.00 0
250 1750.00 0
300 1750.00 0
350 1750.00 0
400 1750.00 0
450 1750.00 0
500 1750.00 0
550 1750.00 0
600 1750.00 0
650 1750.00 0
700 1750.00 0
750 1750.00 0
800 1750.00 0
850 1750.00 0
900 1750.00 0
950 1750.00 0
1000 1750.00 0
1050 1750.00 0
1100 1750.00 0
1150 1750.00 0
1200 1750.00 0
1250 1750.00 0
1300 1750.00 0
1350 1750.00 0
1400 1750.00 0
1450 1750.00 0
1500 1750.00 0
1550 1750.00 0
1600 1750.00 0
1650 1750.00 0
1700 1750.00 0
1750 1750.00 0
1800 1750.00 0
1850 1750.00 0
1900 1750.00 0
1950 1750.00 0
2000 1750.00 0
0 1800.00 0
50 1800.00 0
100 1800.00 0
150 1800.00 0
200 1800.00 0
250 1800.00 0
300 1800.00 0
350 1800.00 0
400 1800.00 0
450 1800.00 0
500 1800.00 0
550 1800.00 0
600 1800.00 0
650 1800.00 0
700 1800.00 0
750 1800.00 0
800 1800.00 0
850 1800.00 0
900 1800.00 0
950 1800.00 0
1000 1800.00 0
1050 1800.00 0
1100 1800.00 0
1150 1800.00 0
1200 1800.00 0
1250 1800.00 0
1300 1800.00 0
1350 1800.00 0
1400 1800.00 0
1450 1800.00 0
1500 1800.00 0
1550 1800.00 0
1600 1800.00 0
1650 1800.00 0
1700 1800.00 0
1750 1800.00 0
1800 1800.00 0
1850 1800.00 0
1900 1800.00 0
1950 1800.00 0
2000 1800.00 0
0 1850.00 0
50 1850.00 0
100 1850.00 0
150 1850.00 0
200 1850.00 0
250 1850.00 0
300 1850.00 0
350 1850.00 0
400 1850.00 0
450 1850.00 0
500 1850.00 0
550 1850.00 0
600 1850.00 0
650 1850.00 0
700 1850.00 0
750 1850.00 0
800 1850.00 0
850 1850.00 0
900 1850.00 0
950 1850.00 0
1000 1850.00 0
1050 1850.00 0
1100 1850.00 0
1150 1850.00 0
1200 1850.00 0
1250 1850.00 0
1300 1850.00 0
1350 1850.00 0
1400 1850.00 0
1450 1850.00 0
1500 1850.00 0
1550 1850.00 0
1600 1850.00 0
1650 1850.00 0
1700 1850.00 0
1750 1850.00 0
1800 1850.00 0
1850 1850.00 0
1900 1850.00 0
1950 1850.00 0
2000 1850.00 0
0 1900.00 0
50 1900.00 0
100 1900.00 0
150 1900.00 0
200 1900.00 0
250 1900.00 0
300 1900.00 0
350 1900.00 0
400 1900.00 0
450 1900.00 0
500 1900.00 0
550 1900.00 0
600 1900.00 0
650 1900.00 0
700 1900.00 0
750 1900.00 0
800 1900.00 0
850 1900.00 0
900 1900.00 0
950 1900.00 0
1000 1900.00 0
1050 1900.00 0
1100 1900.00 0
1150 1900.00 0
1200 1900.00 0
1250 1900.00 0
1300 1900.00 0
1350 1900.00 0
1400 1900.00 0
1450 1900.00 0
1500 1900.00 0
1550 1900.00 0
1600 1900.00 0
1650 1900.00 0
1700 1900.00 0
1750 1900.00 0
1800 1900.00 0
1850 1900.00 0
1900 1900.00 0
1950 1900.00 0
2000 1900.00 0
0 1950.00 0
50 1950.00 0
100 1950.00 0
150 1950.00 0
200 1950.00 0
250 1950.00 0
300 1950.00 0
350 1950.00 0
400 1950.00 0
450 1950.00 0
500 1950.00 0
550 1950.00 0
600 1950.00 0
650 1950.00 0
700 1950.00 0
750 1950.00 0
800 1950.00 0
850 1950.00 0
900 1950.00 0
950 1950.00 0
1000 1950.00 0
1050 1950.00 0
1100 1950.00 0
1150 1950.00 0
1200 1950.00 0
1250 1950.00 0
1300 1950.00 0
1350 1950.00 0
1400 1950.00 0
1450 1950.00 0
1500 1950.00 0
1550 1950.00 0
1600 1950.00 0
1650 1950.00 0
1700 1950.00 0
1750 1950.00 0
1800 1950.00 0
1850 1950.00 0
1900 1950.00 0
1950 1950.00 0
2000 1950.00 0
0 2000.00 0
50 2000.00 0
100 2000.00 0
150 2000.00 0
200 2000.00 0
250 2000.00 0
300 2000.00 0
350 2000.00 0
400 2000.00 0
450 2000.00 0
500 2000.00 0
550 2000.00 0
600 2000.00 0
650 2000.00 0
700 2000.00 0
750 2000.00 0
800 2000.00 0
850 2000.00 0
900 2000.00 0
950 2000.00 0
1000 2000.00 0
1050 2000.00 0
1100 2000.00 0
1150 2000.00 0
1200 2000.00 0
1250 2000.00 0
1300 2000.00 0
1350 2000.00 0
1400 2000.00 0
1450 2000.00 0
1500 2000.00 0
1550 2000.00 0
1600 2000.00 0
1650 2000.00 0
1700 2000.00 0
1750 2000.00 0
1800 2000.00 0
1850 2000.00 0
1900 2000.00 0
1950 2000.00 0
2000 2000.00 0
