0 0.00 0.710754536325
50 0.00 0.51712762448
100 0.00 0.557164143771
150 0.00 0.639013348613
200 0.00 -0.0976294949651
250 0.00 -0.834272338543
300 0.00 -0.752423133701
350 0.00 -0.731350022601
400 0.00 -0.921008022502
450 0.00 -1.1106660224
500 0.00 -1.0895929113
550 0.00 -1.02075833175
600 0.00 -1.6402695477
650 0.00 -2.25978076365
700 0.00 -2.1909461841
750 0.00 -2.49848711258
800 0.00 0.269381243736
850 0.00 1.93248521117
900 0.00 11.5678237826
950 0.00 21.7909913911
1000 0.00 18.1707891077
1050 0.00 14.8864695616
1100 0.00 21.3783393055
1150 0.00 27.6684071384
1200 0.00 26.9086580202
1250 0.00 27.3106031874
1300 0.00 23.9317371137
1350 0.00 12.3498922167
1400 0.00 8.02514197305
1450 0.00 11.1165034641
1500 0.00 11.3431577757
1550 0.00 12.4962097125
1600 0.00 6.45652283129
1650 0.00 0.471058206931
1700 0.00 1.13610983186
1750 0.00 1.22362847318
1800 0.00 0.435960701259
1850 0.00 -0.351707070666
1900 0.00 -0.264188429341
1950 0.00 -0.247272795415
2000 0.00 -0.331439626229
0 50.00 0.710754536325
50 50.00 0.51712762448
100 50.00 0.557164143771
150 50.00 0.639013348613
200 50.00 -0.0976294949651
250 50.00 -0.834272338543
300 50.00 -0.752423133701
350 50.00 -0.731350022601
400 50.00 -0.921008022502
450 50.00 -1.1106660224
500 50.00 -1.0895929113
550 50.00 -1.02075833175
600 50.00 -1.6402695477
650 50.00 -2.25978076365
700 50.00 -2.1909461841
750 50.00 -2.49848711258
800 50.00 0.269381243736
850 50.00 1.93248521117
900 50.00 11.5678237826
950 50.00 21.7909913911
1000 50.00 18.1707891077
1050 50.00 14.8864695616
1100 50.00 21.3783393055
1150 50.00 27.6684071384
1200 50.00 26.9086580202
1250 50.00 27.3106031874
1300 50.00 23.9317371137
1350 50.00 12.3498922167
1400 50.00 8.02514197305
1450 50.00 11.1165034641
1500 50.00 11.3431577757
1550 50.00 12.4962097125
1600 50.00 6.45652283129
1650 50.00 0.471058206931
1700 50.00 1.13610983186
1750 50.00 1.22362847318
1800 50.00 0.435960701259
1850 50.00 -0.351707070666
1900 50.00 -0.264188429341
1950 50.00 -0.247272795415
2000 50.00 -0.331439626229
0 100.00 0.710754536325
50 100.00 0.51712762448
100 100.00 0.557164143771
150 100.00 0.639013348613
200 100.00 -0.0976294949651
250 100.00 -0.834272338543
300 100.00 -0.752423133701
350 100.00 -0.731350022601
400 100.00 -0.921008022502
450 100.00 -1.1106660224
500 100.00 -1.0895929113
550 100.00 -1.02075833175
600 100.00 -1.6402695477
650 100.00 -2.25978076365
700 100.00 -2.1909461841
750 100.00 -2.49848711258
800 100.00 0.269381243736
850 100.00 1.93248521117
900 100.00 11.5678237826
950 100.00 21.9278300507
1000 100.00 17.0744129494
1050 100.00 12.4383756183
1100 100.00 20.2986319587
1150 100.00 27.8035789169
1200 100.00 26.9086580202
1250 100.00 25.2920247847
1300 100.00 40.6954262108
1350 100.00 43.1487465864
1400 100.00 18.6382123157
1450 100.00 9.71298693679
1500 100.00 11.3431577757
1550 100.00 12.4962097125
1600 100.00 6.45652283129
1650 100.00 0.471058206931
1700 100.00 1.13610983186
1750 100.00 1.22362847318
1800 100.00 0.435960701259
1850 100.00 -0.351707070666
1900 100.00 -0.264188429341
1950 100.00 -0.247272795415
2000 100.00 -0.331439626229
0 150.00 0.710754536325
50 150.00 0.51712762448
100 150.00 0.557164143771
150 150.00 0.639013348613
200 150.00 -0.0976294949651
250 150.00 -0.834272338543
300 150.00 -0.752423133701
350 150.00 -0.731350022601
400 150.00 -0.921008022502
450 150.00 -1.1106660224
500 150.00 -1.0895929113
550 150.00 -1.02075833175
600 150.00 -1.6402695477
650 150.00 -2.25978076365
700 150.00 -2.1909461841
750 150.00 -4.32001412427
800 150.00 14.8415973373
850 150.00 32.2520943931
900 150.00 45.8830561042
950 150.00 60.6692937464
1000 150.00 67.6914660633
1050 150.00 75.3665276691
1100 150.00 83.4122677147
1150 150.00 93.6842535138
1200 150.00 77.3018718585
1250 150.00 70.1583889872
1300 150.00 76.8474269137
1350 150.00 59.9277303815
1400 150.00 67.6905058175
1450 150.00 90.4397449568
1500 150.00 62.7699053884
1550 150.00 39.6033561973
1600 150.00 20.5767291203
1650 150.00 -1.29396757919
1700 150.00 1.13610983186
1750 150.00 1.22362847318
1800 150.00 0.435960701259
1850 150.00 -0.351707070666
1900 150.00 -0.264188429341
1950 150.00 -0.247272795415
2000 150.00 -0.331439626229
0 200.00 0.710754536325
50 200.00 0.51712762448
100 200.00 0.557164143771
150 200.00 0.639013348613
200 200.00 -0.0976294949651
250 200.00 -0.834272338543
300 200.00 -0.752423133701
350 200.00 -0.731350022601
400 200.00 -0.921008022502
450 200.00 -1.1106660224
500 200.00 -1.0895929113
550 200.00 -1.02075833175
600 200.00 -1.6402695477
650 200.00 -2.25978076365
700 200.00 -2.1909461841
750 200.00 -4.32001412427
800 200.00 14.8415973373
850 200.00 32.2520943931
900 200.00 45.8830561042
950 200.00 60.81405662
1000 200.00 66.5875999331
1050 200.00 72.4652247354
1100 200.00 80.1754106879
1150 200.00 87.8501864448
1200 200.00 102.110604852
1250 200.00 108.361939184
1300 200.00 87.6808199435
1350 200.00 81.2688025981
1400 200.00 85.3281627446
1450 200.00 88.424789466
1500 200.00 62.7699053884
1550 200.00 39.6033561973
1600 200.00 20.5767291203
1650 200.00 -1.29396757919
1700 200.00 1.13610983186
1750 200.00 1.22362847318
1800 200.00 0.435960701259
1850 200.00 -0.351707070666
1900 200.00 -0.264188429341
1950 200.00 -0.247272795415
2000 200.00 -0.331439626229
0 250.00 -15.2274528318
50 250.00 -12.8616158066
100 250.00 -13.358378035
150 250.00 -14.4273304962
200 250.00 -4.80675834534
250 250.00 4.81381380555
300 250.00 3.74486134434
350 250.00 4.43177653771
400 250.00 -1.75046020257
450 250.00 -7.93269694285
500 250.00 -7.24578174949
550 250.00 -6.13673914783
600 250.00 -16.1181225628
650 250.00 -29.0646535512
700 250.00 -1.26928278804
750 250.00 23.6269386858
800 250.00 35.114882037
850 250.00 65.7140947618
900 250.00 81.5188777298
950 250.00 92.791451484
1000 250.00 121.161710322
1050 250.00 133.182087392
1100 250.00 129.416947663
1150 250.00 140.328464448
1200 250.00 198.182220042
1250 250.00 241.045379788
1300 250.00 251.531874537
1350 250.00 273.073573172
1400 250.00 222.319147766
1450 250.00 137.803688675
1500 250.00 93.2307767421
1550 250.00 61.4769915873
1600 250.00 22.3122647181
1650 250.00 2.42522960342
1700 250.00 4.03185423464
1750 250.00 3.57385313511
1800 250.00 0.14107183367
1850 250.00 -3.38614435773
1900 250.00 -2.99423144758
1950 250.00 -3.10532886069
2000 250.00 -2.51454961859
0 300.00 -15.2274528318
50 300.00 -12.8616158066
100 300.00 -13.358378035
150 300.00 -14.4273304962
200 300.00 -4.80675834534
250 300.00 4.81381380555
300 300.00 3.74486134434
350 300.00 4.43177653771
400 300.00 -1.75046020257
450 300.00 -7.93269694285
500 300.00 -7.24578174949
550 300.00 -6.13673914783
600 300.00 -16.1181225628
650 300.00 -29.0646535512
700 300.00 -1.26928278804
750 300.00 22.7651784271
800 300.00 41.5834086984
850 300.00 82.7241742946
900 300.00 110.130292222
950 300.00 137.263997227
1000 300.00 170.375087827
1050 300.00 191.84323445
1100 300.00 197.904461831
1150 300.00 199.115114242
1200 300.00 220.534773111
1250 300.00 238.243662089
1300 300.00 250.468801677
1350 300.00 270.803322881
1400 300.00 219.68458876
1450 300.00 136.617600456
1500 300.00 80.0542619135
1550 300.00 43.3561727135
1600 300.00 18.3425030578
1650 300.00 3.02492035925
1700 300.00 4.03185423464
1750 300.00 3.57385313511
1800 300.00 0.14107183367
1850 300.00 -3.38614435773
1900 300.00 -2.99423144758
1950 300.00 -3.10532886069
2000 300.00 -2.51454961859
0 350.00 -15.2274528318
50 350.00 -12.8616158066
100 350.00 -13.358378035
150 350.00 -14.4273304962
200 350.00 -4.80675834534
250 350.00 4.81381380555
300 350.00 3.74486134434
350 350.00 4.43177653771
400 350.00 -1.75046020257
450 350.00 -7.93269694285
500 350.00 -7.24578174949
550 350.00 -6.70287225209
600 350.00 -11.5890577286
650 350.00 -18.2360678311
700 350.00 -1.84573670104
750 350.00 8.75285934191
800 350.00 54.231465023
850 350.00 96.826951901
900 350.00 133.373617172
950 350.00 173.196342528
1000 350.00 186.307288647
1050 350.00 204.918841124
1100 350.00 195.236109257
1150 350.00 186.778380156
1200 350.00 194.364907742
1250 350.00 200.939759493
1300 350.00 201.587112904
1350 350.00 206.909693658
1400 350.00 171.407499313
1450 350.00 139.303077951
1500 350.00 114.045701861
1550 350.00 90.3577043479
1600 350.00 44.1288757995
1650 350.00 -5.27277571714
1700 350.00 -0.405366517138
1750 350.00 -0.907964994083
1800 350.00 -1.97954741819
1850 350.00 -3.12106695125
1900 350.00 -2.99423144758
1950 350.00 -3.10532886069
2000 350.00 -2.51454961859
0 400.00 -15.2274528318
50 400.00 -12.8616158066
100 400.00 -13.358378035
150 400.00 -14.4273304962
200 400.00 -4.80675834534
250 400.00 4.81381380555
300 400.00 3.74486134434
350 400.00 4.43177653771
400 400.00 -1.75046020257
450 400.00 -7.93269694285
500 400.00 -7.24578174949
550 400.00 -6.70287225209
600 400.00 -11.5890577286
650 400.00 -18.2360678311
700 400.00 -1.84573670104
750 400.00 8.75285934191
800 400.00 54.231465023
850 400.00 96.826951901
900 400.00 133.373617172
950 400.00 173.196342528
1000 400.00 186.307288647
1050 400.00 204.918841124
1100 400.00 195.236109257
1150 400.00 186.778380156
1200 400.00 194.364907742
1250 400.00 200.939759493
1300 400.00 201.587112904
1350 400.00 206.909693658
1400 400.00 171.407499313
1450 400.00 139.303077951
1500 400.00 114.045701861
1550 400.00 90.3577043479
1600 400.00 44.1288757995
1650 400.00 -5.27277571714
1700 400.00 -0.405366517138
1750 400.00 -0.907964994083
1800 400.00 -1.97954741819
1850 400.00 -3.12106695125
1900 400.00 -2.99423144758
1950 400.00 -3.10532886069
2000 400.00 -2.51454961859
0 450.00 -5.44072401151
50 450.00 -5.20675421506
100 450.00 -5.26180905104
150 450.00 -5.44442390394
200 450.00 -3.80089022778
250 450.00 -2.15735655162
300 450.00 -2.33997140452
350 450.00 -2.35842730408
400 450.00 -2.1923242081
450 450.00 -2.02622111212
500 450.00 -2.04467701167
550 450.00 -3.52318277908
600 450.00 9.78336912766
650 450.00 23.0899210344
700 450.00 21.611415267
750 450.00 16.7842104062
800 450.00 60.229054153
850 450.00 101.327793874
900 450.00 117.615525246
950 450.00 136.416133523
1000 450.00 154.898981094
1050 450.00 175.841806233
1100 450.00 172.502616405
1150 450.00 172.699889272
1200 450.00 161.814550161
1250 450.00 151.418633401
1300 450.00 147.211105108
1350 450.00 146.041202441
1400 450.00 108.306655049
1450 450.00 71.6829584986
1500 450.00 60.5153982639
1550 450.00 47.1570523959
1600 450.00 30.2504265457
1650 450.00 11.6296539623
1700 450.00 13.6986286938
1750 450.00 14.5012586524
1800 450.00 7.27758902498
1850 450.00 0.0539193975274
1900 450.00 0.856549356133
1950 450.00 0.881026427494
2000 450.00 0.744963959325
0 500.00 -5.44072401151
50 500.00 -5.20675421506
100 500.00 -5.26180905104
150 500.00 -5.44442390394
200 500.00 -3.80089022778
250 500.00 -2.15735655162
300 500.00 -2.33997140452
350 500.00 -2.35842730408
400 500.00 -2.1923242081
450 500.00 -2.02622111212
500 500.00 -2.04467701167
550 500.00 -3.52318277908
600 500.00 9.78336912766
650 500.00 23.0899210344
700 500.00 21.611415267
750 500.00 16.7842104062
800 500.00 60.229054153
850 500.00 101.327793874
900 500.00 117.615525246
950 500.00 136.416133523
1000 500.00 154.898981094
1050 500.00 175.841806233
1100 500.00 172.502616405
1150 500.00 172.699889272
1200 500.00 161.814550161
1250 500.00 151.418633401
1300 500.00 147.211105108
1350 500.00 146.041202441
1400 500.00 108.306655049
1450 500.00 71.6829584986
1500 500.00 60.5153982639
1550 500.00 47.1570523959
1600 500.00 30.2504265457
1650 500.00 11.6296539623
1700 500.00 13.6986286938
1750 500.00 14.5012586524
1800 500.00 7.27758902498
1850 500.00 0.0539193975274
1900 500.00 0.856549356133
1950 500.00 0.881026427494
2000 500.00 0.744963959325
0 550.00 -5.44072401151
50 550.00 -5.20675421506
100 550.00 -5.26180905104
150 550.00 -5.44442390394
200 550.00 -3.80089022778
250 550.00 -2.15735655162
300 550.00 -2.33997140452
350 550.00 -2.35842730408
400 550.00 -2.1923242081
450 550.00 -2.02622111212
500 550.00 -2.04467701167
550 550.00 -3.52318277908
600 550.00 9.78336912766
650 550.00 23.0899210344
700 550.00 21.611415267
750 550.00 17.4437054917
800 550.00 54.9530934691
850 550.00 91.1145024374
900 550.00 99.0786037445
950 550.00 108.56569773
1000 550.00 131.020172596
1050 550.00 154.663932592
1100 550.00 153.447460413
1150 550.00 156.129955471
1200 550.00 144.68301034
1250 550.00 133.943926349
1300 550.00 130.255671144
1350 550.00 129.429077253
1400 550.00 92.9350414276
1450 550.00 56.8168473244
1500 550.00 52.6076779366
1550 550.00 46.2519081812
1600 550.00 29.4531173855
1650 550.00 11.7293176074
1700 550.00 13.6986286938
1750 550.00 14.5012586524
1800 550.00 7.27758902498
1850 550.00 0.0539193975274
1900 550.00 0.856549356133
1950 550.00 0.881026427494
2000 550.00 0.744963959325
0 600.00 -5.44072401151
50 600.00 -5.20675421506
100 600.00 -5.26180905104
150 600.00 -5.44442390394
200 600.00 -3.80089022778
250 600.00 -2.15735655162
300 600.00 -2.33997140452
350 600.00 -2.35842730408
400 600.00 -2.1923242081
450 600.00 -2.02622111212
500 600.00 -2.04467701167
550 600.00 -3.52318277908
600 600.00 9.78336912766
650 600.00 23.0899210344
700 600.00 21.611415267
750 600.00 17.4437054917
800 600.00 54.9530934691
850 600.00 91.1145024374
900 600.00 99.0786037445
950 600.00 108.56569773
1000 600.00 131.020172596
1050 600.00 154.663932592
1100 600.00 153.447460413
1150 600.00 156.129955471
1200 600.00 144.68301034
1250 600.00 133.943926349
1300 600.00 130.255671144
1350 600.00 129.429077253
1400 600.00 92.9350414276
1450 600.00 56.8168473244
1500 600.00 52.6076779366
1550 600.00 46.2519081812
1600 600.00 29.4531173855
1650 600.00 11.7293176074
1700 600.00 13.6986286938
1750 600.00 14.5012586524
1800 600.00 7.27758902498
1850 600.00 0.0539193975274
1900 600.00 0.856549356133
1950 600.00 0.881026427494
2000 600.00 0.744963959325
0 650.00 -0.478782348335
50 650.00 -0.957519731019
100 650.00 -0.860406823456
150 650.00 -0.932175383554
200 650.00 -0.286258342676
250 650.00 0.359658698202
300 650.00 0.287890138105
350 650.00 -0.120929488796
400 650.00 3.55844715331
450 650.00 7.23782379541
500 650.00 6.82900416851
550 650.00 5.64593651891
600 650.00 16.2935453653
650 650.00 26.9411542118
700 650.00 25.7580865622
750 650.00 24.0983142033
800 650.00 39.0362654328
850 650.00 53.9742166623
900 650.00 52.3144443035
950 650.00 51.3392337859
1000 650.00 60.1161284447
1050 650.00 68.942915976
1100 650.00 67.5186696053
1150 650.00 68.522117842
1200 650.00 55.4996539056
1250 650.00 42.4272970967
1300 650.00 43.8797811866
1350 650.00 45.1376836691
1400 650.00 33.8165613264
1450 650.00 22.4954389837
1500 650.00 23.7533414662
1550 650.00 24.6222851602
1600 650.00 16.8017919138
1650 650.00 8.98129866738
1700 650.00 9.85024236143
1750 650.00 10.1446569534
1800 650.00 7.49492562562
1850 650.00 4.84519429784
1900 650.00 5.13960888982
1950 650.00 5.11182626896
2000 650.00 5.2323459778
0 700.00 -0.478782348335
50 700.00 -0.957519731019
100 700.00 -0.860406823456
150 700.00 -0.932175383554
200 700.00 -0.286258342676
250 700.00 0.359658698202
300 700.00 0.287890138105
350 700.00 -0.120929488796
400 700.00 3.55844715331
450 700.00 7.23782379541
500 700.00 6.82900416851
550 700.00 5.64593651891
600 700.00 16.2935453653
650 700.00 26.9411542118
700 700.00 25.7580865622
750 700.00 24.0983142033
800 700.00 39.0362654328
850 700.00 53.9742166623
900 700.00 52.3144443035
950 700.00 51.3392337859
1000 700.00 60.1161284447
1050 700.00 68.942915976
1100 700.00 67.5186696053
1150 700.00 68.522117842
1200 700.00 55.4996539056
1250 700.00 42.4272970967
1300 700.00 43.8797811866
1350 700.00 45.1376836691
1400 700.00 33.8165613264
1450 700.00 22.4954389837
1500 700.00 23.7533414662
1550 700.00 24.6222851602
1600 700.00 16.8017919138
1650 700.00 8.98129866738
1700 700.00 9.85024236143
1750 700.00 10.1446569534
1800 700.00 7.49492562562
1850 700.00 4.84519429784
1900 700.00 5.13960888982
1950 700.00 5.11182626896
2000 700.00 5.2323459778
0 750.00 -0.478782348335
50 750.00 -0.957519731019
100 750.00 -0.860406823456
150 750.00 -0.932175383554
200 750.00 -0.286258342676
250 750.00 0.359658698202
300 750.00 0.287890138105
350 750.00 -0.120929488796
400 750.00 3.55844715331
450 750.00 7.23782379541
500 750.00 6.82900416851
550 750.00 5.64593651891
600 750.00 16.2935453653
650 750.00 26.9411542118
700 750.00 25.7580865622
750 750.00 24.0983142033
800 750.00 39.0362654328
850 750.00 53.9742166623
900 750.00 52.3144443035
950 750.00 52.0367235541
1000 750.00 54.5362102985
1050 750.00 57.0067225099
1100 750.00 56.9897725582
1150 750.00 58.0844050832
1200 750.00 50.5506750047
1250 750.00 43.0459194593
1300 750.00 43.8797811866
1350 750.00 45.1376836691
1400 750.00 33.8165613264
1450 750.00 22.4954389837
1500 750.00 23.7533414662
1550 750.00 24.6222851602
1600 750.00 16.8017919138
1650 750.00 8.98129866738
1700 750.00 9.85024236143
1750 750.00 10.1446569534
1800 750.00 7.49492562562
1850 750.00 4.84519429784
1900 750.00 5.13960888982
1950 750.00 5.11182626896
2000 750.00 5.2323459778
0 800.00 -0.478782348335
50 800.00 -0.957519731019
100 800.00 -0.860406823456
150 800.00 -0.932175383554
200 800.00 -0.286258342676
250 800.00 0.359658698202
300 800.00 0.287890138105
350 800.00 -0.120929488796
400 800.00 3.55844715331
450 800.00 7.23782379541
500 800.00 6.82900416851
550 800.00 5.64593651891
600 800.00 16.2935453653
650 800.00 26.9411542118
700 800.00 25.7580865622
750 800.00 24.0983142033
800 800.00 39.0362654328
850 800.00 53.9742166623
900 800.00 52.3144443035
950 800.00 52.0367235541
1000 800.00 54.5362102985
1050 800.00 57.0067225099
1100 800.00 56.9897725582
1150 800.00 58.0844050832
1200 800.00 50.5506750047
1250 800.00 43.0459194593
1300 800.00 43.8797811866
1350 800.00 45.1376836691
1400 800.00 33.8165613264
1450 800.00 22.4954389837
1500 800.00 23.7533414662
1550 800.00 24.6222851602
1600 800.00 16.8017919138
1650 800.00 8.98129866738
1700 800.00 9.85024236143
1750 800.00 10.1446569534
1800 800.00 7.49492562562
1850 800.00 4.84519429784
1900 800.00 5.13960888982
1950 800.00 5.11182626896
2000 800.00 5.2323459778
0 850.00 -2.09764534235
50 850.00 -2.0950308172
100 850.00 -2.09313307703
150 850.00 -2.34780062921
200 850.00 -0.0557926595211
250 850.00 2.23621531017
300 850.00 1.98154775798
350 850.00 1.48247480672
400 850.00 5.9741313681
450 850.00 10.4657879295
500 850.00 9.96671497822
550 850.00 9.33468283713
600 850.00 15.0229721069
650 850.00 20.7112613767
700 850.00 20.0792292356
750 850.00 19.6638733633
800 850.00 23.4020762146
850 850.00 27.1402790658
900 850.00 26.7249231935
950 850.00 26.8237006813
1000 850.00 25.9347032905
1050 850.00 25.0457058996
1100 850.00 25.1444833875
1150 850.00 25.5780619211
1200 850.00 21.6758551188
1250 850.00 17.7736483165
1300 850.00 18.2072268501
1350 850.00 18.649679862
1400 850.00 14.6676027551
1450 850.00 10.6855256483
1500 850.00 11.1279786602
1550 850.00 11.3631445188
1600 850.00 9.24665179104
1650 850.00 7.13015906326
1700 850.00 7.36532492191
1750 850.00 7.40213415446
1800 850.00 7.07085106149
1850 850.00 6.73956796853
1900 850.00 6.77637720108
1950 850.00 6.71367314458
2000 850.00 7.01341711544
0 900.00 -2.09764534235
50 900.00 -2.0950308172
100 900.00 -2.09313307703
150 900.00 -2.34780062921
200 900.00 -0.0557926595211
250 900.00 2.23621531017
300 900.00 1.98154775798
350 900.00 1.48247480672
400 900.00 5.9741313681
450 900.00 10.4657879295
500 900.00 9.96671497822
550 900.00 9.33468283713
600 900.00 15.0229721069
650 900.00 20.7112613767
700 900.00 20.0792292356
750 900.00 19.6638733633
800 900.00 23.4020762146
850 900.00 27.1402790658
900 900.00 26.7249231935
950 900.00 26.8237006813
1000 900.00 25.9347032905
1050 900.00 25.0457058996
1100 900.00 25.1444833875
1150 900.00 25.5780619211
1200 900.00 21.6758551188
1250 900.00 17.7736483165
1300 900.00 18.2072268501
1350 900.00 18.649679862
1400 900.00 14.6676027551
1450 900.00 10.6855256483
1500 900.00 11.1279786602
1550 900.00 11.3631445188
1600 900.00 9.24665179104
1650 900.00 7.13015906326
1700 900.00 7.36532492191
1750 900.00 7.40213415446
1800 900.00 7.07085106149
1850 900.00 6.73956796853
1900 900.00 6.77637720108
1950 900.00 6.71367314458
2000 900.00 7.01341711544
0 950.00 -2.09764534235
50 950.00 -2.0950308172
100 950.00 -2.09313307703
150 950.00 -2.34780062921
200 950.00 -0.0557926595211
250 950.00 2.23621531017
300 950.00 1.98154775798
350 950.00 1.48247480672
400 950.00 5.9741313681
450 950.00 10.4657879295
500 950.00 9.96671497822
550 950.00 9.33468283713
600 950.00 15.0229721069
650 950.00 20.7112613767
700 950.00 20.0792292356
750 950.00 19.6638733633
800 950.00 23.4020762146
850 950.00 27.1402790658
900 950.00 26.7249231935
950 950.00 26.8237006813
1000 950.00 25.9347032905
1050 950.00 25.0457058996
1100 950.00 25.1444833875
1150 950.00 25.5780619211
1200 950.00 21.6758551188
1250 950.00 17.7736483165
1300 950.00 18.2072268501
1350 950.00 18.649679862
1400 950.00 14.6676027551
1450 950.00 10.6855256483
1500 950.00 11.1279786602
1550 950.00 11.3631445188
1600 950.00 9.24665179104
1650 950.00 7.13015906326
1700 950.00 7.36532492191
1750 950.00 7.40213415446
1800 950.00 7.07085106149
1850 950.00 6.73956796853
1900 950.00 6.77637720108
1950 950.00 6.71367314458
2000 950.00 7.01341711544
0 1000.00 -2.09764534235
50 1000.00 -2.0950308172
100 1000.00 -2.09313307703
150 1000.00 -2.34780062921
200 1000.00 -0.0557926595211
250 1000.00 2.23621531017
300 1000.00 1.98154775798
350 1000.00 1.48247480672
400 1000.00 5.9741313681
450 1000.00 10.4657879295
500 1000.00 9.96671497822
550 1000.00 9.33468283713
600 1000.00 15.0229721069
650 1000.00 20.7112613767
700 1000.00 20.0792292356
750 1000.00 19.6638733633
800 1000.00 23.4020762146
850 1000.00 27.1402790658
900 1000.00 26.7249231935
950 1000.00 26.8237006813
1000 1000.00 25.9347032905
1050 1000.00 25.0457058996
1100 1000.00 25.1444833875
1150 1000.00 25.5780619211
1200 1000.00 21.6758551188
1250 1000.00 17.7736483165
1300 1000.00 18.2072268501
1350 1000.00 18.649679862
1400 1000.00 14.6676027551
1450 1000.00 10.6855256483
1500 1000.00 11.1279786602
1550 1000.00 11.3631445188
1600 1000.00 9.24665179104
1650 1000.00 7.13015906326
1700 1000.00 7.36532492191
1750 1000.00 7.40213415446
1800 1000.00 7.07085106149
1850 1000.00 6.73956796853
1900 1000.00 6.77637720108
1950 1000.00 6.71367314458
2000 1000.00 7.01341711544
0 1050.00 -2.09764534235
50 1050.00 -2.0950308172
100 1050.00 -2.09313307703
150 1050.00 -2.34780062921
200 1050.00 -0.0557926595211
250 1050.00 2.23621531017
300 1050.00 1.98154775798
350 1050.00 1.48247480672
400 1050.00 5.9741313681
450 1050.00 10.4657879295
500 1050.00 9.96671497822
550 1050.00 9.33468283713
600 1050.00 15.0229721069
650 1050.00 20.7112613767
700 1050.00 20.0792292356
750 1050.00 19.6638733633
800 1050.00 23.4020762146
850 1050.00 27.1402790658
900 1050.00 26.7249231935
950 1050.00 26.8237006813
1000 1050.00 25.9347032905
1050 1050.00 25.0457058996
1100 1050.00 25.1444833875
1150 1050.00 25.5780619211
1200 1050.00 21.6758551188
1250 1050.00 17.7736483165
1300 1050.00 18.2072268501
1350 1050.00 18.649679862
1400 1050.00 14.6676027551
1450 1050.00 10.6855256483
1500 1050.00 11.1279786602
1550 1050.00 11.3631445188
1600 1050.00 9.24665179104
1650 1050.00 7.13015906326
1700 1050.00 7.36532492191
1750 1050.00 7.40213415446
1800 1050.00 7.07085106149
1850 1050.00 6.73956796853
1900 1050.00 6.77637720108
1950 1050.00 6.71367314458
2000 1050.00 7.01341711544
0 1100.00 0
50 1100.00 0
100 1100.00 0
150 1100.00 0
200 1100.00 0
250 1100.00 0
300 1100.00 0
350 1100.00 0
400 1100.00 0
450 1100.00 0
500 1100.00 0
550 1100.00 0
600 1100.00 0
650 1100.00 0
700 1100.00 0
750 1100.00 0
800 1100.00 0
850 1100.00 0
900 1100.00 0
950 1100.00 0
1000 1100.00 0
1050 1100.00 0
1100 1100.00 0
1150 1100.00 0
1200 1100.00 0
1250 1100.00 0
1300 1100.00 0
1350 1100.00 0
1400 1100.00 0
1450 1100.00 0
1500 1100.00 0
1550 1100.00 0
1600 1100.00 0
1650 1100.00 0
1700 1100.00 0
1750 1100.00 0
1800 1100.00 0
1850 1100.00 0
1900 1100.00 0
1950 1100.00 0
2000 1100.00 0
0 1150.00 0
50 1150.00 0
100 1150.00 0
150 1150.00 0
200 1150.00 0
250 1150.00 0
300 1150.00 0
350 1150.00 0
400 1150.00 0
450 1150.00 0
500 1150.00 0
550 1150.00 0
600 1150.00 0
650 1150.00 0
700 1150.00 0
750 1150.00 0
800 1150.00 0
850 1150.00 0
900 1150.00 0
950 1150.00 0
1000 1150.00 0
1050 1150.00 0
1100 1150.00 0
1150 1150.00 0
1200 1150.00 0
1250 1150.00 0
1300 1150.00 0
1350 1150.00 0
1400 1150.00 0
1450 1150.00 0
1500 1150.00 0
1550 1150.00 0
1600 1150.00 0
1650 1150.00 0
1700 1150.00 0
1750 1150.00 0
1800 1150.00 0
1850 1150.00 0
1900 1150.00 0
1950 1150.00 0
2000 1150.00 0
0 1200.00 0
50 1200.00 0
100 1200.00 0
150 1200.00 0
200 1200.00 0
250 1200.00 0
300 1200.00 0
350 1200.00 0
400 1200.00 0
450 1200.00 0
500 1200.00 0
550 1200.00 0
600 1200.00 0
650 1200.00 0
700 1200.00 0
750 1200.00 0
800 1200.00 0
850 1200.00 0
900 1200.00 0
950 1200.00 0
1000 1200.00 0
1050 1200.00 0
1100 1200.00 0
1150 1200.00 0
1200 1200.00 0
1250 1200.00 0
1300 1200.00 0
1350 1200.00 0
1400 1200.00 0
1450 1200.00 0
1500 1200.00 0
1550 1200.00 0
1600 1200.00 0
1650 1200.00 0
1700 1200.00 0
1750 1200.00 0
1800 1200.00 0
1850 1200.00 0
1900 1200.00 0
1950 1200.00 0
2000 1200.00 0
0 1250.00 0
50 1250.00 0
100 1250.00 0
150 1250.00 0
200 1250.00 0
250 1250.00 0
300 1250.00 0
350 1250.00 0
400 1250.00 0
450 1250.00 0
500 1250.00 0
550 1250.00 0
600 1250.00 0
650 1250.00 0
700 1250.00 0
750 1250.00 0
800 1250.00 0
850 1250.00 0
900 1250.00 0
950 1250.00 0
1000 1250.00 0
1050 1250.00 0
1100 1250.00 0
1150 1250.00 0
1200 1250.00 0
1250 1250.00 0
1300 1250.00 0
1350 1250.00 0
1400 1250.00 0
1450 1250.00 0
1500 1250.00 0
1550 1250.00 0
1600 1250.00 0
1650 1250.00 0
1700 1250.00 0
1750 1250.00 0
1800 1250.00 0
1850 1250.00 0
1900 1250.00 0
1950 1250.00 0
2000 1250.00 0
0 1300.00 0
50 1300.00 0
100 1300.00 0
150 1300.00 0
200 1300.00 0
250 1300.00 0
300 1300.00 0
350 1300.00 0
400 1300.00 0
450 1300.00 0
500 1300.00 0
550 1300.00 0
600 1300.00 0
650 1300.00 0
700 1300.00 0
750 1300.00 0
800 1300.00 0
850 1300.00 0
900 1300.00 0
950 1300.00 0
1000 1300.00 0
1050 1300.00 0
1100 1300.00 0
1150 1300.00 0
1200 1300.00 0
1250 1300.00 0
1300 1300.00 0
1350 1300.00 0
1400 1300.00 0
1450 1300.00 0
1500 1300.00 0
1550 1300.00 0
1600 1300.00 0
1650 1300.00 0
1700 1300.00 0
1750 1300.00 0
1800 1300.00 0
1850 1300.00 0
1900 1300.00 0
1950 1300.00 0
2000 1300.00 0
0 1350.00 0
50 1350.00 0
100 1350.00 0
150 1350.00 0
200 1350.00 0
250 1350.00 0
300 1350.00 0
350 1350.00 0
400 1350.00 0
450 1350.00 0
500 1350.00 0
550 1350.00 0
600 1350.00 0
650 1350.00 0
700 1350.00 0
750 1350.00 0
800 1350.00 0
850 1350.00 0
900 1350.00 0
950 1350.00 0
1000 1350.00 0
1050 1350.00 0
1100 1350.00 0
1150 1350.00 0
1200 1350.00 0
1250 1350.00 0
1300 1350.00 0
1350 1350.00 0
1400 1350.00 0
1450 1350.00 0
1500 1350.00 0
1550 1350.00 0
1600 1350.00 0
1650 1350.00 0
1700 1350.00 0
1750 1350.00 0
1800 1350.00 0
1850 1350.00 0
1900 1350.00 0
1950 1350.00 0
2000 1350.00 0
0 1400.00 0
50 1400.00 0
100 1400.00 0
150 1400.00 0
200 1400.00 0
250 1400.00 0
300 1400.00 0
350 1400.00 0
400 1400.00 0
450 1400.00 0
500 1400.00 0
550 1400.00 0
600 1400.00 0
650 1400.00 0
700 1400.00 0
750 1400.00 0
800 1400.00 0
850 1400.00 0
900 1400.00 0
950 1400.00 0
1000 1400.00 0
1050 1400.00 0
1100 1400.00 0
1150 1400.00 0
1200 1400.00 0
1250 1400.00 0
1300 1400.00 0
1350 1400.00 0
1400 1400.00 0
1450 1400.00 0
1500 1400.00 0
1550 1400.00 0
1600 1400.00 0
1650 1400.00 0
1700 1400.00 0
1750 1400.00 0
1800 1400.00 0
1850 1400.00 0
1900 1400.00 0
1950 1400.00 0
2000 1400.00 0
0 1450.00 0
50 1450.00 0
100 1450.00 0
150 1450.00 0
200 1450.00 0
250 1450.00 0
300 1450.00 0
350 1450.00 0
400 1450.00 0
450 1450.00 0
500 1450.00 0
550 1450.00 0
600 1450.00 0
650 1450.00 0
700 1450.00 0
750 1450.00 0
800 1450.00 0
850 1450.00 0
900 1450.00 0
950 1450.00 0
1000 1450.00 0
1050 1450.00 0
1100 1450.00 0
1150 1450.00 0
1200 1450.00 0
1250 1450.00 0
1300 1450.00 0
1350 1450.00 0
1400 1450.00 0
1450 1450.00 0
1500 1450.00 0
1550 1450.00 0
1600 1450.00 0
1650 1450.00 0
1700 1450.00 0
1750 1450.00 0
1800 1450.00 0
1850 1450.00 0
1900 1450.00 0
1950 1450.00 0
2000 1450.00 0
0 1500.00 0
50 1500.00 0
100 1500.00 0
150 1500.00 0
200 1500.00 0
250 1500.00 0
300 1500.00 0
350 1500.00 0
400 1500.00 0
450 1500.00 0
500 1500.00 0
550 1500.00 0
600 1500.00 0
650 1500.00 0
700 1500.00 0
750 1500.00 0
800 1500.00 0
850 1500.00 0
900 1500.00 0
950 1500.00 0
1000 1500.00 0
1050 1500.00 0
1100 1500.00 0
1150 1500.00 0
1200 1500.00 0
1250 1500.00 0
1300 1500.00 0
1350 1500.00 0
1400 1500.00 0
1450 1500.00 0
1500 1500.00 0
1550 1500.00 0
1600 1500.00 0
1650 1500.00 0
1700 1500.00 0
1750 1500.00 0
1800 1500.00 0
1850 1500.00 0
1900 1500.00 0
1950 1500.00 0
2000 1500.00 0
0 1550.00 0
50 1550.00 0
100 1550.00 0
150 1550.00 0
200 1550.00 0
250 1550.00 0
300 1550.00 0
350 1550.00 0
400 1550.00 0
450 1550.00 0
500 1550.00 0
550 1550.00 0
600 1550.00 0
650 1550.00 0
700 1550.00 0
750 1550.00 0
800 1550.00 0
850 1550.00 0
900 1550.00 0
950 1550.00 0
1000 1550.00 0
1050 1550.00 0
1100 1550.00 0
1150 1550.00 0
1200 1550.00 0
1250 1550.00 0
1300 1550.00 0
1350 1550.00 0
1400 1550.00 0
1450 1550.00 0
1500 1550.00 0
1550 1550.00 0
1600 1550.00 0
1650 1550.00 0
1700 1550.00 0
1750 1550.00 0
1800 1550.00 0
1850 1550.00 0
1900 1550.00 0
1950 1550.00 0
2000 1550.00 0
0 1600.00 0
50 1600.00 0
100 1600.00 0
150 1600.00 0
200 1600.00 0
250 1600.00 0
300 1600.00 0
350 1600.00 0
400 1600.00 0
450 1600.00 0
500 1600.00 0
550 1600.00 0
600 1600.00 0
650 1600.00 0
700 1600.00 0
750 1600.00 0
800 1600.00 0
850 1600.00 0
900 1600.00 0
950 1600.00 0
1000 1600.00 0
1050 1600.00 0
1100 1600.00 0
1150 1600.00 0
1200 1600.00 0
1250 1600.00 0
1300 1600.00 0
1350 1600.00 0
1400 1600.00 0
1450 1600.00 0
1500 1600.00 0
1550 1600.00 0
1600 1600.00 0
1650 1600.00 0
1700 1600.00 0
1750 1600.00 0
1800 1600.00 0
1850 1600.00 0
1900 1600.00 0
1950 1600.00 0
2000 1600.00 0
0 1650.00 0
50 1650.00 0
100 1650.00 0
150 1650.00 0
200 1650.00 0
250 1650.00 0
300 1650.00 0
350 1650.00 0
400 1650.00 0
450 1650.00 0
500 1650.00 0
550 1650.00 0
600 1650.00 0
650 1650.00 0
700 1650.00 0
750 1650.00 0
800 1650.00 0
850 1650.00 0
900 1650.00 0
950 1650.00 0
1000 1650.00 0
1050 1650.00 0
1100 1650.00 0
1150 1650.00 0
1200 1650.00 0
1250 1650.00 0
1300 1650.00 0
1350 1650.00 0
1400 1650.00 0
1450 1650.00 0
1500 1650.00 0
1550 1650.00 0
1600 1650.00 0
1650 1650.00 0
1700 1650.00 0
1750 1650.00 0
1800 1650.00 0
1850 1650.00 0
1900 1650.00 0
1950 1650.00 0
2000 1650.00 0
0 1700.00 0
50 1700.00 0
100 1700.00 0
150 1700.00 0
200 1700.00 0
250 1700.00 0
300 1700.00 0
350 1700.00 0
400 1700.00 0
450 1700.00 0
500 1700.00 0
550 1700.00 0
600 1700.00 0
650 1700.00 0
700 1700.00 0
750 1700.00 0
800 1700.00 0
850 1700.00 0
900 1700.00 0
950 1700.00 0
1000 1700.00 0
1050 1700.00 0
1100 1700.00 0
1150 1700.00 0
1200 1700.00 0
1250 1700.00 0
1300 1700.00 0
1350 1700.00 0
1400 1700.00 0
1450 1700.00 0
1500 1700.00 0
1550 1700.00 0
1600 1700.00 0
1650 1700.00 0
1700 1700.00 0
1750 1700.00 0
1800 1700.00 0
1850 1700.00 0
1900 1700.00 0
1950 1700.00 0
2000 1700.00 0
0 1750.00 0
50 1750.00 0
100 1750.00 0
150 1750.00 0
200 1750.00 0
250 1750.00 0
300 1750.00 0
350 1750.00 0
400 1750.00 0
450 1750.00 0
500 1750.00 0
550 1750.00 0
600 1750.00 0
650 1750.00 0
700 1750.00 0
750 1750.00 0
800 1750.00 0
850 1750.00 0
900 1750.00 0
950 1750.00 0
1000 1750.00 0
1050 1750.00 0
1100 1750.00 0
1150 1750.00 0
1200 1750.00 0
1250 1750.00 0
1300 1750.00 0
1350 1750.00 0
1400 1750.00 0
1450 1750.00 0
1500 1750.00 0
1550 1750.00 0
1600 1750.00 0
1650 1750.00 0
1700 1750.00 0
1750 1750.00 0
1800 1750.00 0
1850 1750.00 0
1900 1750.00 0
1950 1750.00 0
2000 1750.00 0
0 1800.00 0
50 1800.00 0
100 1800.00 0
150 1800.00 0
200 1800.00 0
250 1800.00 0
300 1800.00 0
350 1800.00 0
400 1800.00 0
450 1800.00 0
500 1800.00 0
550 1800.00 0
600 1800.00 0
650 1800.00 0
700 1800.00 0
750 1800.00 0
800 1800.00 0
850 1800.00 0
900 1800.00 0
950 1800.00 0
1000 1800.00 0
1050 1800.00 0
1100 1800.00 0
1150 1800.00 0
1200 1800.00 0
1250 1800.00 0
1300 1800.00 0
1350 1800.00 0
1400 1800.00 0
1450 1800.00 0
1500 1800.00 0
1550 1800.00 0
1600 1800.00 0
1650 1800.00 0
1700 1800.00 0
1750 1800.00 0
1800 1800.00 0
1850 1800.00 0
1900 1800.00 0
1950 1800.00 0
2000 1800.00 0
0 1850.00 0
50 1850.00 0
100 1850.00 0
150 1850.00 0
200 1850.00 0
250 1850.00 0
300 1850.00 0
350 1850.00 0
400 1850.00 0
450 1850.00 0
500 1850.00 0
550 1850.00 0
600 1850.00 0
650 1850.00 0
700 1850.00 0
750 1850.00 0
800 1850.00 0
850 1850.00 0
900 1850.00 0
950 1850.00 0
1000 1850.00 0
1050 1850.00 0
1100 1850.00 0
1150 1850.00 0
1200 1850.00 0
1250 1850.00 0
1300 1850.00 0
1350 1850.00 0
1400 1850.00 0
1450 1850.00 0
1500 1850.00 0
1550 1850.00 0
1600 1850.00 0
1650 1850.00 0
1700 1850.00 0
1750 1850.00 0
1800 1850.00 0
1850 1850.00 0
1900 1850.00 0
1950 1850.00 0
2000 1850.00 0
0 1900.00 0
50 1900.00 0
100 1900.00 0
150 1900.00 0
200 1900.00 0
250 1900.00 0
300 1900.00 0
350 1900.00 0
400 1900.00 0
450 1900.00 0
500 1900.00 0
550 1900.00 0
600 1900.00 0
650 1900.00 0
700 1900.00 0
750 1900.00 0
800 1900.00 0
850 1900.00 0
900 1900.00 0
950 1900.00 0
1000 1900.00 0
1050 1900.00 0
1100 1900.00 0
1150 1900.00 0
1200 1900.00 0
1250 1900.00 0
1300 1900.00 0
1350 1900.00 0
1400 1900.00 0
1450 1900.00 0
1500 1900.00 0
1550 1900.00 0
1600 1900.00 0
1650 1900.00 0
1700 1900.00 0
1750 1900.00 0
1800 1900.00 0
1850 1900.00 0
1900 1900.00 0
1950 1900.00 0
2000 1900.00 0
0 1950.00 0
50 1950.00 0
100 1950.00 0
150 1950.00 0
200 1950.00 0
250 1950.00 0
300 1950.00 0
350 1950.00 0
400 1950.00 0
450 1950.00 0
500 1950.00 0
550 1950.00 0
600 1950.00 0
650 1950.00 0
700 1950.00 0
750 1950.00 0
800 1950.00 0
850 1950.00 0
900 1950.00 0
950 1950.00 0
1000 1950.00 0
1050 1950.00 0
1100 1950.00 0
1150 1950.00 0
1200 1950.00 0
1250 1950.00 0
1300 1950.00 0
1350 1950.00 0
1400 1950.00 0
1450 1950.00 0
1500 1950.00 0
1550 1950.00 0
1600 1950.00 0
1650 1950.00 0
1700 1950.00 0
1750 1950.00 0
1800 1950.00 0
1850 1950.00 0
1900 1950.00 0
1950 1950.00 0
2000 1950.00 0
0 2000.00 0
50 2000.00 0
100 2000.00 0
150 2000.00 0
200 2000.00 0
250 2000.00 0
300 2000.00 0
350 2000.00 0
400 2000.00 0
450 2000.00 0
500 2000.00 0
550 2000.00 0
600 2000.00 0
650 2000.00 0
700 2000.00 0
750 2000.00 0
800 2000.00 0
850 2000.00 0
900 2000.00 0
950 2000.00 0
1000 2000.00 0
1050 2000.00 0
1100 2000.00 0
1150 2000.00 0
1200 2000.00 0
1250 2000.00 0
1300 2000.00 0
1350 2000.00 0
1400 2000.00 0
1450 2000.00 0
1500 2000.00 0
1550 2000.00 0
1600 2000.00 0
1650 2000.00 0
1700 2000.00 0
1750 2000.00 0
1800 2000.00 0
1850 2000.00 0
1900 2000.00 0
1950 2000.00 0
2000 2000.00 0
