0	1450	0
50	1450	50
100	1450	100
150	1450	150
200	1450	200
250	1450	250
300	1450	300
350	1450	350
400	1450	400
450	1450	450
500	1450	500
550	1450	550
600	1450	600
650	1450	650
700	1450	700
750	1450	750
800	1450	800
850	1450	850
900	1450	900
950	1450	950
1000	1450	1000
1050	1450	1050
1100	1450	1100
1150	1450	1150
1200	1450	1200
1250	1450	1250
1300	1450	1300
1350	1450	1350
1400	1450	1400
1450	1450	1450
1500	1450	1500
1550	1450	1550
1600	1450	1600
1650	1450	1650
1700	1450	1700
1750	1450	1750
1800	1450	1800
1850	1450	1850
1900	1450	1900
1950	1450	1950
2000	1450	2000
