                   lambda                   misfit
     1.00000000000000e+04     1.87887289614286e+01
     6.00000000000000e+03     2.11353621483332e+01
     3.60000000000000e+03     2.00793814352930e+01
     2.16000000000000e+03     1.89850100441945e+01
     1.29600000000000e+03     1.77985905794036e+01
     7.77600000000000e+02     1.57159620640654e+01
     4.66560000000000e+02     1.28768837479086e+01
     2.79936000000000e+02     1.02251800649412e+01
     1.67961600000000e+02     7.65541636490637e+00
     1.00776960000000e+02     6.02856176215264e+00
     6.04661760000000e+01     4.87327511236529e+00
     3.62797056000000e+01     3.75605071091950e+00
     2.17678233600000e+01     2.91512500711934e+00
     1.30606940160000e+01     2.17631739168541e+00
     7.83641640960000e+00     1.93392205928408e+00
     4.70184984576000e+00     1.74877289190467e+00
     2.82110990745600e+00     1.49279481588597e+00
     1.69266594447360e+00     1.34428747785991e+00
     1.01559956668416e+00     1.30001765504035e+00
     6.09359740010496e-01     1.30451744746550e+00
     3.65615844006297e-01     1.30768186505877e+00
     4.70184984576000e+00     1.24678541997649e+00
     2.82110990745600e+00     1.21890843610743e+00
     1.69266594447360e+00     1.18492994064025e+00
     1.01559956668416e+00     1.13170418832697e+00
     6.09359740010496e-01     1.01871468820888e+00
     3.65615844006297e-01     8.91752170787856e-01
