                   lambda                   misfit
     1.00000000000000e+04     2.48348199322831e+01
     5.00000000000000e+03     2.21699452474115e+01
     2.50000000000000e+03     1.92990441153643e+01
     1.25000000000000e+03     1.62931732156669e+01
     6.25000000000000e+02     1.34104953044480e+01
     3.12500000000000e+02     1.08919404845269e+01
     1.56250000000000e+02     8.84418442885566e+00
     7.81250000000000e+01     7.73560546333316e+00
     3.90625000000000e+01     7.33646911023636e+00
     1.95312500000000e+01     7.15930206152893e+00
     9.76562500000000e+00     7.13088668100351e+00
     4.88281250000000e+00     7.13688302623787e+00
     7.81250000000000e+01     6.22291828201851e+00
     3.90625000000000e+01     5.19172654441803e+00
     1.95312500000000e+01     4.32048386489260e+00
     9.76562500000000e+00     3.84387643763040e+00
     4.88281250000000e+00     3.42370784397948e+00
     2.44140625000000e+00     3.13666457432505e+00
     1.22070312500000e+00     2.89125522605129e+00
     6.10351562500000e-01     2.69970923452259e+00
     3.05175781250000e-01     2.54143210323898e+00
     1.52587890625000e-01     2.41313447122427e+00
     7.62939453125000e-02     2.31009631523277e+00
     3.81469726562500e-02     2.22206616478000e+00
     1.90734863281250e-02     2.14996257385462e+00
     9.53674316406250e-03     2.08433267469555e+00
     4.76837158203125e-03     2.02453875414665e+00
     2.38418579101562e-03     1.96676222679992e+00
     1.19209289550781e-03     1.92265435645924e+00
     5.96046447753906e-04     1.87784202023145e+00
     2.98023223876953e-04     1.84060103330438e+00
     1.49011611938477e-04     1.80151811597124e+00
     7.45058059692383e-05     1.76846277030103e+00
     3.72529029846191e-05     1.73406319302189e+00
     1.00000000000000e-02     1.05021088107273e+00
     5.00000000000000e-03     1.01192739572993e+00
     2.50000000000000e-03     9.96750781361756e-01
