                   lambda                   misfit
     1.00000000000000e+04     4.32193300534381e+05
     5.00000000000000e+03     2.06029510169049e+05
     2.50000000000000e+03     9.92776195063247e+04
     1.25000000000000e+03     4.83819680298517e+04
     6.25000000000000e+02     2.41130015578574e+04
     3.12500000000000e+02     1.25287611234296e+04
     1.56250000000000e+02     6.90406993245607e+03
     7.81250000000000e+01     3.98226447274481e+03
     3.90625000000000e+01     2.31503181304760e+03
     1.95312500000000e+01     1.33870576396707e+03
     9.76562500000000e+00     7.88601036385864e+02
     4.88281250000000e+00     4.73155807668380e+02
     2.44140625000000e+00     2.86122811175896e+02
     1.22070312500000e+00     1.69867855114056e+02
     6.10351562500000e-01     1.03050797415708e+02
     3.05175781250000e-01     7.06858826579801e+01
     1.52587890625000e-01     5.58573520340916e+01
     7.62939453125000e-02     5.29429810425830e+01
     3.81469726562500e-02     5.49793616928470e+01
     1.90734863281250e-02     5.60049791509600e+01
     1.00000000000000e+04     4.25728429650735e+05
     5.00000000000000e+03     2.02071478249519e+05
     2.50000000000000e+03     9.69806204366521e+04
     1.25000000000000e+03     4.71395954278603e+04
     6.25000000000000e+02     2.34767963763458e+04
     3.12500000000000e+02     1.22148354697109e+04
     1.56250000000000e+02     6.75981179128602e+03
     7.81250000000000e+01     3.91943068881780e+03
     3.90625000000000e+01     2.29307339090113e+03
     1.95312500000000e+01     1.33962874044400e+03
     9.76562500000000e+00     8.01393705948573e+02
     4.88281250000000e+00     4.96056738087037e+02
     2.44140625000000e+00     3.12811603940855e+02
     1.22070312500000e+00     2.01488654529991e+02
     6.10351562500000e-01     1.34459056657682e+02
     3.05175781250000e-01     9.72760417028311e+01
     1.52587890625000e-01     7.93956667388851e+01
     7.62939453125000e-02     5.91171060835208e+01
     3.81469726562500e-02     6.59848357638572e+01
     1.90734863281250e-02     9.19058168721013e+01
     1.00000000000000e+04     4.37165220902646e+05
     5.00000000000000e+03     2.09292571428220e+05
     2.50000000000000e+03     1.01251663311804e+05
     1.25000000000000e+03     4.95064231124312e+04
     6.25000000000000e+02     2.47162161234351e+04
     3.12500000000000e+02     1.28343114315594e+04
     1.56250000000000e+02     7.05414498262233e+03
     7.81250000000000e+01     4.04582712183452e+03
     3.90625000000000e+01     2.33133503455883e+03
     1.95312500000000e+01     1.33031018285173e+03
     9.76562500000000e+00     7.67131778637653e+02
     4.88281250000000e+00     4.46904061491261e+02
     2.44140625000000e+00     2.58357692482716e+02
     1.22070312500000e+00     1.43086555050286e+02
     6.10351562500000e-01     7.59454182126933e+01
     3.05175781250000e-01     3.87252276241584e+01
     1.52587890625000e-01     2.03126426874146e+01
     7.62939453125000e-02     1.11136716006611e+01
     3.81469726562500e-02     6.53879550352468e+00
     1.90734863281250e-02     4.62955126856063e+00
     9.53674316406250e-03     3.55936423491923e+00
     4.76837158203125e-03     3.19621818458892e+00
     2.38418579101562e-03     3.79640718285213e+00
     1.19209289550781e-03     5.27878424133619e+00
     1.00000000000000e+04     4.38720836339829e+05
     5.00000000000000e+03     2.10447034804536e+05
     2.50000000000000e+03     1.01913178027151e+05
     1.25000000000000e+03     4.98021000497239e+04
     6.25000000000000e+02     2.48309084031189e+04
     3.12500000000000e+02     1.28849122266289e+04
     1.56250000000000e+02     7.08616011834328e+03
     7.81250000000000e+01     4.07157933012093e+03
     3.90625000000000e+01     2.35362335746530e+03
     1.95312500000000e+01     1.34977115797606e+03
     9.76562500000000e+00     7.85396455861992e+02
     4.88281250000000e+00     4.58868672000699e+02
     2.44140625000000e+00     2.66805258495253e+02
     1.22070312500000e+00     1.47491207755405e+02
     6.10351562500000e-01     7.58497601523069e+01
     3.05175781250000e-01     3.80094420788317e+01
     1.52587890625000e-01     1.92024673787599e+01
     7.62939453125000e-02     1.03434068452430e+01
     3.81469726562500e-02     6.12140354545744e+00
     1.90734863281250e-02     3.98349791460694e+00
     9.53674316406250e-03     2.73854000410853e+00
     4.76837158203125e-03     2.40538147190019e+00
     2.38418579101562e-03     2.74940947719523e+00
     1.19209289550781e-03     2.13486280016564e+00
     5.96046447753906e-04     1.35920277279593e+00
     2.98023223876953e-04     1.12905819591770e+00
     1.49011611938477e-04     1.10840560030754e+00
     7.45058059692383e-05     1.13342890295338e+00
     3.72529029846191e-05     1.14641387076112e+00
     1.00000000000000e+04     4.39370763167050e+05
     5.00000000000000e+03     2.10816296802234e+05
     2.50000000000000e+03     1.02132390668900e+05
     1.25000000000000e+03     4.99494412785509e+04
     6.25000000000000e+02     2.49290861932733e+04
     3.12500000000000e+02     1.29436827754207e+04
     1.56250000000000e+02     7.11828078971808e+03
     7.81250000000000e+01     4.08840208952477e+03
     3.90625000000000e+01     2.36304423563792e+03
     1.95312500000000e+01     1.35623349733225e+03
     9.76562500000000e+00     7.90766404261551e+02
     4.88281250000000e+00     4.65101874000295e+02
     2.44140625000000e+00     2.69871664687384e+02
     1.22070312500000e+00     1.49702819660638e+02
     6.10351562500000e-01     7.87167129905760e+01
     3.05175781250000e-01     4.01701051080337e+01
     1.52587890625000e-01     2.01929201785436e+01
     7.62939453125000e-02     1.07575312961534e+01
     3.81469726562500e-02     6.03537766515867e+00
     1.90734863281250e-02     3.80023145301338e+00
     9.53674316406250e-03     2.69455728466265e+00
     4.76837158203125e-03     2.10142055074386e+00
     2.38418579101562e-03     1.97018377853592e+00
     1.19209289550781e-03     1.50632560511082e+00
     5.96046447753906e-04     1.09281426829297e+00
     2.98023223876953e-04     9.69216206004467e-01
