5.062453959999999963e+06 4.039314830000000075e+05 -3.221009999999999991e+02 -2.565102659999999868e-01
5.062510110000000335e+06 4.038902249999999767e+05 -3.212409999999999854e+02 -1.994124650000000110e-01
5.062494629999999888e+06 4.038937930000000051e+05 -3.213059999999999832e+02 -2.335804730000000107e-01
5.062499040000000037e+06 4.038816309999999939e+05 -3.211750000000000114e+02 -2.222800380000000131e-01
5.062516540000000037e+06 4.038768670000000275e+05 -3.206709999999999923e+02 -1.831137579999999876e-01
5.062463719999999739e+06 4.039008620000000228e+05 -3.216770000000000209e+02 -3.312361160000000249e-01
5.062482110000000335e+06 4.038897999999999884e+05 -3.211669999999999732e+02 -3.480996239999999964e-01
5.062504500000000000e+06 4.038688719999999739e+05 -3.204979999999999905e+02 -2.695449859999999864e-01
5.062519580000000075e+06 4.038568049999999930e+05 -3.196639999999999873e+02 -2.590715980000000140e-01
5.062441500000000000e+06 4.039051340000000200e+05 -3.216709999999999923e+02 -5.075491519999999479e-01
5.062490900000000373e+06 4.038647889999999898e+05 -3.202769999999999868e+02 -3.723703150000000073e-01
5.062468690000000410e+06 4.038800960000000196e+05 -3.211229999999999905e+02 -4.946460100000000248e-01
5.062457650000000373e+06 4.038843400000000256e+05 -3.212309999999999945e+02 -5.152765449999999747e-01
5.062449690000000410e+06 4.038781280000000261e+05 -3.210930000000000177e+02 -4.923972959999999843e-01
5.062528709999999963e+06 4.038409079999999958e+05 -3.195950000000000273e+02 -3.666038249999999943e-01
5.062471110000000335e+06 4.038715700000000070e+05 -3.207450000000000045e+02 -5.082246169999999896e-01
5.062510110000000335e+06 4.038528009999999776e+05 -3.194660000000000082e+02 -3.973182719999999724e-01
5.062518799999999814e+06 4.038318570000000182e+05 -3.192099999999999795e+02 -3.408300949999999996e-01
5.062511759999999776e+06 4.038460659999999916e+05 -3.196050000000000182e+02 -4.108548779999999789e-01
5.062529709999999963e+06 4.038322870000000112e+05 -3.195129999999999768e+02 -3.850331830000000011e-01
5.062534339999999851e+06 4.038207139999999781e+05 -3.187780000000000200e+02 -3.084116579999999774e-01
5.062522719999999739e+06 4.038210520000000251e+05 -3.189759999999999991e+02 -3.600350030000000201e-01
5.062301089999999851e+06 4.038692870000000112e+05 -3.169390000000000214e+02 -1.852955420000000075e-01
5.062523410000000149e+06 4.038142509999999893e+05 -3.183469999999999800e+02 -3.346517809999999815e-01
5.062322929999999702e+06 4.037810970000000088e+05 -3.154959999999999809e+02 -2.544033219999999873e-02
5.062481540000000037e+06 4.038401379999999772e+05 -3.196829999999999927e+02 -4.982952820000000060e-01
5.062295759999999776e+06 4.037891919999999809e+05 -3.153650000000000091e+02 -2.353981919999999922e-02
5.062337519999999553e+06 4.038978190000000177e+05 -3.180230000000000246e+02 -3.456613250000000193e-01
5.062321440000000410e+06 4.037968800000000047e+05 -3.159250000000000114e+02 -1.109813600000000011e-01
5.062508540000000037e+06 4.038036979999999749e+05 -3.177989999999999782e+02 -3.193122769999999777e-01
5.062474250000000000e+06 4.038507459999999846e+05 -3.200450000000000159e+02 -5.813576449999999785e-01
5.062492190000000410e+06 4.037856589999999851e+05 -3.171800000000000068e+02 -2.598271959999999825e-01
5.062499719999999739e+06 4.038298209999999963e+05 -3.189920000000000186e+02 -4.723346359999999744e-01
5.062393780000000261e+06 4.039038560000000289e+05 -3.196220000000000141e+02 -5.495319250000000322e-01
5.062501480000000447e+06 4.038144639999999781e+05 -3.183299999999999841e+02 -4.067026060000000220e-01
5.062488730000000447e+06 4.038185860000000102e+05 -3.185769999999999982e+02 -4.456532839999999829e-01
5.062302750000000000e+06 4.037937600000000093e+05 -3.155249999999999773e+02 -9.033323109999999434e-02
5.062467980000000447e+06 4.037958680000000168e+05 -3.178790000000000191e+02 -3.674684349999999822e-01
5.062468719999999739e+06 4.038477139999999781e+05 -3.198070000000000164e+02 -5.941634260000000500e-01
5.062491759999999776e+06 4.038316309999999939e+05 -3.190980000000000132e+02 -5.217001810000000406e-01
5.062487969999999739e+06 4.038017679999999818e+05 -3.178929999999999723e+02 -3.800700699999999821e-01
5.062476250000000000e+06 4.038165349999999744e+05 -3.186190000000000282e+02 -4.717956870000000191e-01
5.062442769999999553e+06 4.038701529999999912e+05 -3.205199999999999818e+02 -6.711619939999999840e-01
5.062495820000000298e+06 4.038227299999999814e+05 -3.187509999999999764e+02 -5.054554759999999591e-01
5.062345849999999627e+06 4.038762770000000019e+05 -3.178670000000000186e+02 -4.150054080000000201e-01
5.062453870000000112e+06 4.038036439999999711e+05 -3.179320000000000164e+02 -4.214132070000000119e-01
5.062388070000000298e+06 4.037675839999999735e+05 -3.155459999999999923e+02 -1.783221949999999889e-01
5.062316309999999590e+06 4.037945019999999786e+05 -3.157049999999999841e+02 -2.020266269999999864e-01
5.062313900000000373e+06 4.038538800000000047e+05 -3.167749999999999773e+02 -3.407142389999999743e-01
5.062364379999999888e+06 4.038980260000000126e+05 -3.186399999999999864e+02 -5.565249599999999575e-01
5.062461379999999888e+06 4.038432559999999939e+05 -3.195489999999999782e+02 -6.463587859999999630e-01
5.062456839999999851e+06 4.038471170000000275e+05 -3.197509999999999764e+02 -6.846076399999999618e-01
5.062434480000000447e+06 4.037535920000000042e+05 -3.150659999999999741e+02 -1.645674699999999935e-01
5.062406209999999963e+06 4.037476539999999804e+05 -3.151200000000000045e+02 -1.654733130000000108e-01
5.062468389999999665e+06 4.037554789999999921e+05 -3.155059999999999718e+02 -1.498188490000000039e-01
5.062380269999999553e+06 4.037852430000000168e+05 -3.162640000000000100e+02 -3.237772079999999830e-01
5.062472940000000410e+06 4.038334060000000172e+05 -3.190299999999999727e+02 -6.348025539999999634e-01
5.062320290000000037e+06 4.038462480000000214e+05 -3.168070000000000164e+02 -3.941782839999999899e-01
5.062339950000000186e+06 4.038035300000000279e+05 -3.163759999999999764e+02 -3.594286999999999899e-01
5.062398730000000447e+06 4.037914459999999963e+05 -3.164889999999999759e+02 -3.944555140000000071e-01
5.062453169999999925e+06 4.038379479999999749e+05 -3.192269999999999754e+02 -7.150284190000000262e-01
5.062445519999999553e+06 4.038322330000000075e+05 -3.189739999999999895e+02 -7.389812770000000475e-01
5.062429589999999851e+06 4.038536319999999832e+05 -3.208840000000000146e+02 -9.419877009999999551e-01
5.062432690000000410e+06 4.038419780000000028e+05 -3.208990000000000009e+02 -8.595719630000000500e-01
5.062426530000000261e+06 4.038471620000000112e+05 -3.208890000000000100e+02 -9.674319759999999713e-01
5.062382299999999814e+06 4.038141379999999772e+05 -3.170559999999999832e+02 -6.744028840000000358e-01
5.062423870000000112e+06 4.038578570000000182e+05 -3.190600000000000023e+02 -9.140346609999999705e-01
5.062357080000000075e+06 4.038304010000000126e+05 -3.173020000000000209e+02 -7.728851949999999693e-01
5.062417209999999963e+06 4.038525760000000009e+05 -3.188980000000000246e+02 -9.579638249999999911e-01
5.062353669999999925e+06 4.038664070000000065e+05 -3.179510000000000218e+02 -8.759418009999999644e-01
5.062376780000000261e+06 4.038244340000000084e+05 -3.174209999999999923e+02 -8.426592029999999678e-01
5.062360709999999963e+06 4.038576180000000168e+05 -3.179169999999999732e+02 -1.009868599999999894e+00
5.062368820000000298e+06 4.038355160000000033e+05 -3.175480000000000018e+02 -1.012848909999999991e+00
5.062365129999999888e+06 4.038508599999999860e+05 -3.178170000000000073e+02 -1.053749009999999986e+00
5.062369080000000075e+06 4.038433680000000168e+05 -3.177869999999999777e+02 -1.060539740000000064e+00
