403931.483 5062453.96 322.101 13.748 -16.1950172 -0.256510266 -0.245887769
403890.225 5062510.11 321.241 13.713 -16.1379194 -0.199412465 -0.20966659
403893.793 5062494.63 321.306 13.686 -16.1720874 -0.233580473 -0.256446172
403881.631 5062499.04 321.175 13.671 -16.1607869 -0.222280038 -0.27397243
403876.867 5062516.54 320.671 13.669 -16.1216207 -0.183113758 -0.215093149
403900.862 5062463.72 321.677 13.621 -16.269743 -0.331236116 -0.357576516
403889.8 5062482.11 321.167 13.555 -16.2866065 -0.348099624 -0.323782454
403868.872 5062504.5 320.498 13.552 -16.2080519 -0.269544986 -0.285180472
403856.805 5062519.58 319.664 13.462 -16.1975785 -0.259071598 -0.246033075
403905.134 5062441.5 321.671 13.443 -16.4460561 -0.507549152 -0.425635009
403864.789 5062490.9 320.277 13.427 -16.3108772 -0.372370315 -0.370295143
403880.096 5062468.69 321.123 13.402 -16.4331529 -0.49464601 -0.438718989
403884.34 5062457.65 321.231 13.378 -16.4537834 -0.515276545 -0.48219414
403878.128 5062449.69 321.093 13.376 -16.4309042 -0.492397296 -0.573122557
403840.908 5062528.71 319.595 13.346 -16.3051107 -0.366603825 -0.240936099
403871.57 5062471.11 320.745 13.341 -16.4467315 -0.508224617 -0.465264514
403852.801 5062510.11 319.466 13.326 -16.3358252 -0.397318272 -0.30149284
403831.857 5062518.8 319.21 13.322 -16.279337 -0.340830095 -0.304689519
403846.066 5062511.76 319.605 13.313 -16.3493618 -0.410854878 -0.309558628
403832.287 5062529.71 319.513 13.306 -16.3235401 -0.385033183 -0.249976399
403820.714 5062534.34 318.778 13.293 -16.2469186 -0.308411658 -0.21227544
403821.052 5062522.72 318.976 13.288 -16.2985419 -0.360035003 -0.272413811
403869.287 5062301.09 316.939 13.235 -16.1238024 -0.185295542 -0.307371468
403814.251 5062523.41 318.347 13.234 -16.2731587 -0.334651781 -0.24474897
403781.097 5062322.93 315.496 13.223 -15.9639472 -0.0254403322 -0.263538832
403840.138 5062481.54 319.683 13.211 -16.4368022 -0.498295282 -0.486640421
403789.192 5062295.76 315.365 13.203 -15.9620467 -0.0235398192 -0.204332857
403897.819 5062337.52 318.023 13.199 -16.2841682 -0.345661325 -0.429156429
403796.88 5062321.44 315.925 13.196 -16.0494883 -0.11098136 -0.331943455
403803.698 5062508.54 317.799 13.193 -16.2578192 -0.319312277 -0.253773229
403850.746 5062474.25 320.045 13.182 -16.5198645 -0.581357645 -0.520897455
403785.659 5062492.19 317.18 13.177 -16.1983341 -0.259827196 -0.227251949
403829.821 5062499.72 318.992 13.175 -16.4108415 -0.472334636 -0.382073161
403903.856 5062393.78 319.622 13.164 -16.4880388 -0.549531925 -0.561313582
403814.464 5062501.48 318.33 13.163 -16.3452095 -0.406702606 -0.327363113
403818.586 5062488.73 318.577 13.156 -16.3841602 -0.445653284 -0.397531701
403793.76 5062302.75 315.525 13.155 -16.0288401 -0.0903332311 -0.241563758
403795.868 5062467.98 317.879 13.147 -16.3059753 -0.367468435 -0.347557829
403847.714 5062468.72 319.807 13.146 -16.5326703 -0.594163426 -0.565724322
403831.631 5062491.76 319.098 13.141 -16.4602071 -0.521700181 -0.423440266
403801.768 5062487.97 317.893 13.14 -16.318577 -0.38007007 -0.314307074
403816.535 5062476.25 318.619 13.13 -16.4103026 -0.471795687 -0.44412672
403870.153 5062442.77 320.52 13.13 -16.6096689 -0.671161994 -0.676602585
403822.73 5062495.82 318.751 13.113 -16.4439624 -0.505455476 -0.382259813
403876.277 5062345.85 317.867 13.102 -16.3535123 -0.415005408 -0.69250811
403803.644 5062453.87 317.932 13.084 -16.3599201 -0.421413207 -0.446739975
403767.584 5062388.07 315.546 13.071 -16.1168291 -0.178322195 -0.292760517
403794.502 5062316.31 315.705 13.07 -16.1405335 -0.202026627 -0.298803757
403853.88 5062313.9 316.775 13.065 -16.2792211 -0.340714239 -0.435446893
403898.026 5062364.38 318.64 13.061 -16.4950319 -0.55652496 -0.579106182
403843.256 5062461.38 319.549 13.06 -16.5848657 -0.646358786 -0.619083597
403847.117 5062456.84 319.751 13.041 -16.6231145 -0.68460764 -0.648020073
403753.592 5062434.48 315.066 13.036 -16.1030744 -0.16456747 -0.200188221
403747.654 5062406.21 315.12 13.034 -16.1039802 -0.165473313 -0.196119251
403755.479 5062468.39 315.506 13.027 -16.0883257 -0.149818849 -0.168046502
403785.243 5062380.27 316.264 13.023 -16.2622841 -0.323777208 -0.414519408
403833.406 5062472.94 319.03 13.016 -16.5733095 -0.634802554 -0.536120838
403846.248 5062320.29 316.807 13.007 -16.3326852 -0.394178284 -0.50194109
403803.53 5062339.95 316.376 12.989 -16.2979356 -0.3594287 -0.46188358
403791.446 5062398.73 316.489 12.97 -16.3329624 -0.394455514 -0.469396612
403837.948 5062453.17 319.227 12.955 -16.6535353 -0.715028419 -0.664955129
403832.233 5062445.52 318.974 12.904 -16.6774882 -0.738981277 -0.68721126
403853.632 5062429.59 320.884 12.865 -16.8804946 -0.941987701 -0.836858757
403841.978 5062432.69 320.899 12.858 -16.7980789 -0.859571963 -0.789648046
403847.162 5062426.53 320.889 12.827 -16.9059389 -0.967431976 -0.854359148
403814.138 5062382.3 317.056 12.755 -16.6129098 -0.674402884 -0.739710181
403857.857 5062423.87 319.06 12.731 -16.8525416 -0.914034661 -0.918754761
403830.401 5062357.08 317.302 12.684 -16.7113921 -0.772885195 -0.833200927
403852.576 5062417.21 318.898 12.673 -16.8964707 -0.957963825 -0.996073957
403866.407 5062353.67 317.951 12.649 -16.8144487 -0.875941801 -0.885217465
403824.434 5062376.78 317.421 12.62 -16.7811661 -0.842659203 -0.882375522
403857.618 5062360.71 317.917 12.519 -16.9483755 -1.0098686 -1.04296709
403835.516 5062368.82 317.548 12.474 -16.9513558 -1.01284891 -1.00450263
403850.86 5062365.13 317.817 12.459 -16.9922559 -1.05374901 -1.10741963
403843.368 5062369.08 317.787 12.455 -16.9990466 -1.06053974 -1.10211623