2625.0 2750.0 1875.0 2000.0 1875.0 2000.0 500
2750.0 2875.0 1875.0 2000.0 1875.0 2000.0 500
2750.0 2875.0 1875.0 2000.0 2000.0 2125.0 500
2875.0 3000.0 1875.0 2000.0 1750.0 1875.0 500
2875.0 3000.0 1875.0 2000.0 1875.0 2000.0 500
2875.0 3000.0 1875.0 2000.0 2000.0 2125.0 500
3000.0 3125.0 1875.0 2000.0 1750.0 1875.0 500
3000.0 3125.0 1875.0 2000.0 1875.0 2000.0 500
3000.0 3125.0 1875.0 2000.0 2000.0 2125.0 500
3125.0 3250.0 1875.0 2000.0 1875.0 2000.0 500
3125.0 3250.0 1875.0 2000.0 2000.0 2125.0 500
3250.0 3375.0 1875.0 2000.0 1875.0 2000.0 500
2500.0 2625.0 2000.0 2125.0 1750.0 1875.0 500
2500.0 2625.0 2000.0 2125.0 1875.0 2000.0 500
2625.0 2750.0 2000.0 2125.0 1625.0 1750.0 500
2625.0 2750.0 2000.0 2125.0 1750.0 1875.0 500
2625.0 2750.0 2000.0 2125.0 1875.0 2000.0 500
2750.0 2875.0 2000.0 2125.0 1625.0 1750.0 500
2750.0 2875.0 2000.0 2125.0 1750.0 1875.0 500
2750.0 2875.0 2000.0 2125.0 1875.0 2000.0 500
2750.0 2875.0 2000.0 2125.0 2000.0 2125.0 500
2875.0 3000.0 2000.0 2125.0 1625.0 1750.0 500
2875.0 3000.0 2000.0 2125.0 1750.0 1875.0 500
2875.0 3000.0 2000.0 2125.0 1875.0 2000.0 500
2875.0 3000.0 2000.0 2125.0 2000.0 2125.0 500
3000.0 3125.0 2000.0 2125.0 1625.0 1750.0 500
3000.0 3125.0 2000.0 2125.0 1750.0 1875.0 500
3000.0 3125.0 2000.0 2125.0 1875.0 2000.0 500
3000.0 3125.0 2000.0 2125.0 2000.0 2125.0 500
3125.0 3250.0 2000.0 2125.0 1625.0 1750.0 500
3125.0 3250.0 2000.0 2125.0 1750.0 1875.0 500
3125.0 3250.0 2000.0 2125.0 1875.0 2000.0 500
3125.0 3250.0 2000.0 2125.0 2000.0 2125.0 500
3250.0 3375.0 2000.0 2125.0 1625.0 1750.0 500
3250.0 3375.0 2000.0 2125.0 1750.0 1875.0 500
3250.0 3375.0 2000.0 2125.0 1875.0 2000.0 500
3375.0 3500.0 2000.0 2125.0 1750.0 1875.0 500
3375.0 3500.0 2000.0 2125.0 1875.0 2000.0 500
2375.0 2500.0 2125.0 2250.0 1750.0 1875.0 500
2500.0 2625.0 2125.0 2250.0 1625.0 1750.0 500
2500.0 2625.0 2125.0 2250.0 1750.0 1875.0 500
2500.0 2625.0 2125.0 2250.0 1875.0 2000.0 500
2625.0 2750.0 2125.0 2250.0 1500.0 1625.0 500
2625.0 2750.0 2125.0 2250.0 1625.0 1750.0 500
2625.0 2750.0 2125.0 2250.0 1750.0 1875.0 500
2625.0 2750.0 2125.0 2250.0 1875.0 2000.0 500
2750.0 2875.0 2125.0 2250.0 1500.0 1625.0 500
2750.0 2875.0 2125.0 2250.0 1625.0 1750.0 500
2750.0 2875.0 2125.0 2250.0 1750.0 1875.0 500
2750.0 2875.0 2125.0 2250.0 1875.0 2000.0 500
2875.0 3000.0 2125.0 2250.0 1500.0 1625.0 500
2875.0 3000.0 2125.0 2250.0 1625.0 1750.0 500
2875.0 3000.0 2125.0 2250.0 1750.0 1875.0 500
2875.0 3000.0 2125.0 2250.0 1875.0 2000.0 500
3000.0 3125.0 2125.0 2250.0 1500.0 1625.0 500
3000.0 3125.0 2125.0 2250.0 1625.0 1750.0 500
3000.0 3125.0 2125.0 2250.0 1750.0 1875.0 500
3000.0 3125.0 2125.0 2250.0 1875.0 2000.0 500
3125.0 3250.0 2125.0 2250.0 1500.0 1625.0 500
3125.0 3250.0 2125.0 2250.0 1625.0 1750.0 500
3125.0 3250.0 2125.0 2250.0 1750.0 1875.0 500
3125.0 3250.0 2125.0 2250.0 1875.0 2000.0 500
3250.0 3375.0 2125.0 2250.0 1500.0 1625.0 500
3250.0 3375.0 2125.0 2250.0 1625.0 1750.0 500
3250.0 3375.0 2125.0 2250.0 1750.0 1875.0 500
3250.0 3375.0 2125.0 2250.0 1875.0 2000.0 500
3375.0 3500.0 2125.0 2250.0 1625.0 1750.0 500
3375.0 3500.0 2125.0 2250.0 1750.0 1875.0 500
3375.0 3500.0 2125.0 2250.0 1875.0 2000.0 500
3500.0 3625.0 2125.0 2250.0 1750.0 1875.0 500
2375.0 2500.0 2250.0 2375.0 1500.0 1625.0 500
2375.0 2500.0 2250.0 2375.0 1625.0 1750.0 500
2375.0 2500.0 2250.0 2375.0 1750.0 1875.0 500
2500.0 2625.0 2250.0 2375.0 1375.0 1500.0 500
2500.0 2625.0 2250.0 2375.0 1500.0 1625.0 500
2500.0 2625.0 2250.0 2375.0 1625.0 1750.0 500
2500.0 2625.0 2250.0 2375.0 1750.0 1875.0 500
2625.0 2750.0 2250.0 2375.0 1375.0 1500.0 500
2625.0 2750.0 2250.0 2375.0 1500.0 1625.0 500
2625.0 2750.0 2250.0 2375.0 1625.0 1750.0 500
2625.0 2750.0 2250.0 2375.0 1750.0 1875.0 500
2750.0 2875.0 2250.0 2375.0 1375.0 1500.0 500
2750.0 2875.0 2250.0 2375.0 1500.0 1625.0 500
2750.0 2875.0 2250.0 2375.0 1625.0 1750.0 500
2750.0 2875.0 2250.0 2375.0 1750.0 1875.0 500
2750.0 2875.0 2250.0 2375.0 1875.0 2000.0 500
2875.0 3000.0 2250.0 2375.0 1375.0 1500.0 500
2875.0 3000.0 2250.0 2375.0 1500.0 1625.0 500
2875.0 3000.0 2250.0 2375.0 1625.0 1750.0 500
2875.0 3000.0 2250.0 2375.0 1750.0 1875.0 500
2875.0 3000.0 2250.0 2375.0 1875.0 2000.0 500
3000.0 3125.0 2250.0 2375.0 1375.0 1500.0 500
3000.0 3125.0 2250.0 2375.0 1500.0 1625.0 500
3000.0 3125.0 2250.0 2375.0 1625.0 1750.0 500
3000.0 3125.0 2250.0 2375.0 1750.0 1875.0 500
3000.0 3125.0 2250.0 2375.0 1875.0 2000.0 500
3125.0 3250.0 2250.0 2375.0 1375.0 1500.0 500
3125.0 3250.0 2250.0 2375.0 1500.0 1625.0 500
3125.0 3250.0 2250.0 2375.0 1625.0 1750.0 500
3125.0 3250.0 2250.0 2375.0 1750.0 1875.0 500
3125.0 3250.0 2250.0 2375.0 1875.0 2000.0 500
3250.0 3375.0 2250.0 2375.0 1375.0 1500.0 500
3250.0 3375.0 2250.0 2375.0 1500.0 1625.0 500
3250.0 3375.0 2250.0 2375.0 1625.0 1750.0 500
3250.0 3375.0 2250.0 2375.0 1750.0 1875.0 500
3375.0 3500.0 2250.0 2375.0 1375.0 1500.0 500
3375.0 3500.0 2250.0 2375.0 1500.0 1625.0 500
3375.0 3500.0 2250.0 2375.0 1625.0 1750.0 500
3375.0 3500.0 2250.0 2375.0 1750.0 1875.0 500
3500.0 3625.0 2250.0 2375.0 1500.0 1625.0 500
3500.0 3625.0 2250.0 2375.0 1625.0 1750.0 500
3500.0 3625.0 2250.0 2375.0 1750.0 1875.0 500
2250.0 2375.0 2375.0 2500.0 1500.0 1625.0 500
2375.0 2500.0 2375.0 2500.0 1375.0 1500.0 500
2375.0 2500.0 2375.0 2500.0 1500.0 1625.0 500
2375.0 2500.0 2375.0 2500.0 1625.0 1750.0 500
2500.0 2625.0 2375.0 2500.0 1250.0 1375.0 500
2500.0 2625.0 2375.0 2500.0 1375.0 1500.0 500
2500.0 2625.0 2375.0 2500.0 1500.0 1625.0 500
2500.0 2625.0 2375.0 2500.0 1625.0 1750.0 500
2500.0 2625.0 2375.0 2500.0 1750.0 1875.0 500
2625.0 2750.0 2375.0 2500.0 1250.0 1375.0 500
2625.0 2750.0 2375.0 2500.0 1375.0 1500.0 500
2625.0 2750.0 2375.0 2500.0 1500.0 1625.0 500
2625.0 2750.0 2375.0 2500.0 1625.0 1750.0 500
2625.0 2750.0 2375.0 2500.0 1750.0 1875.0 500
2750.0 2875.0 2375.0 2500.0 1250.0 1375.0 500
2750.0 2875.0 2375.0 2500.0 1375.0 1500.0 500
2750.0 2875.0 2375.0 2500.0 1500.0 1625.0 500
2750.0 2875.0 2375.0 2500.0 1625.0 1750.0 500
2750.0 2875.0 2375.0 2500.0 1750.0 1875.0 500
2875.0 3000.0 2375.0 2500.0 1250.0 1375.0 500
2875.0 3000.0 2375.0 2500.0 1375.0 1500.0 500
2875.0 3000.0 2375.0 2500.0 1500.0 1625.0 500
2875.0 3000.0 2375.0 2500.0 1625.0 1750.0 500
2875.0 3000.0 2375.0 2500.0 1750.0 1875.0 500
3000.0 3125.0 2375.0 2500.0 1250.0 1375.0 500
3000.0 3125.0 2375.0 2500.0 1375.0 1500.0 500
3000.0 3125.0 2375.0 2500.0 1500.0 1625.0 500
3000.0 3125.0 2375.0 2500.0 1625.0 1750.0 500
3000.0 3125.0 2375.0 2500.0 1750.0 1875.0 500
3125.0 3250.0 2375.0 2500.0 1250.0 1375.0 500
3125.0 3250.0 2375.0 2500.0 1375.0 1500.0 500
3125.0 3250.0 2375.0 2500.0 1500.0 1625.0 500
3125.0 3250.0 2375.0 2500.0 1625.0 1750.0 500
3125.0 3250.0 2375.0 2500.0 1750.0 1875.0 500
3250.0 3375.0 2375.0 2500.0 1250.0 1375.0 500
3250.0 3375.0 2375.0 2500.0 1375.0 1500.0 500
3250.0 3375.0 2375.0 2500.0 1500.0 1625.0 500
3250.0 3375.0 2375.0 2500.0 1625.0 1750.0 500
3250.0 3375.0 2375.0 2500.0 1750.0 1875.0 500
3375.0 3500.0 2375.0 2500.0 1250.0 1375.0 500
3375.0 3500.0 2375.0 2500.0 1375.0 1500.0 500
3375.0 3500.0 2375.0 2500.0 1500.0 1625.0 500
3375.0 3500.0 2375.0 2500.0 1625.0 1750.0 500
3375.0 3500.0 2375.0 2500.0 1750.0 1875.0 500
3500.0 3625.0 2375.0 2500.0 1375.0 1500.0 500
3500.0 3625.0 2375.0 2500.0 1500.0 1625.0 500
3500.0 3625.0 2375.0 2500.0 1625.0 1750.0 500
3625.0 3750.0 2375.0 2500.0 1500.0 1625.0 500
2250.0 2375.0 2500.0 2625.0 1375.0 1500.0 500
2250.0 2375.0 2500.0 2625.0 1500.0 1625.0 500
2375.0 2500.0 2500.0 2625.0 1250.0 1375.0 500
2375.0 2500.0 2500.0 2625.0 1375.0 1500.0 500
2375.0 2500.0 2500.0 2625.0 1500.0 1625.0 500
2375.0 2500.0 2500.0 2625.0 1625.0 1750.0 500
2500.0 2625.0 2500.0 2625.0 1125.0 1250.0 500
2500.0 2625.0 2500.0 2625.0 1250.0 1375.0 500
2500.0 2625.0 2500.0 2625.0 1375.0 1500.0 500
2500.0 2625.0 2500.0 2625.0 1500.0 1625.0 500
2500.0 2625.0 2500.0 2625.0 1625.0 1750.0 500
2625.0 2750.0 2500.0 2625.0 1125.0 1250.0 500
2625.0 2750.0 2500.0 2625.0 1250.0 1375.0 500
2625.0 2750.0 2500.0 2625.0 1375.0 1500.0 500
2625.0 2750.0 2500.0 2625.0 1500.0 1625.0 500
2625.0 2750.0 2500.0 2625.0 1625.0 1750.0 500
2750.0 2875.0 2500.0 2625.0 1125.0 1250.0 500
2750.0 2875.0 2500.0 2625.0 1250.0 1375.0 500
2750.0 2875.0 2500.0 2625.0 1375.0 1500.0 500
2750.0 2875.0 2500.0 2625.0 1500.0 1625.0 500
2750.0 2875.0 2500.0 2625.0 1625.0 1750.0 500
2750.0 2875.0 2500.0 2625.0 1750.0 1875.0 500
2875.0 3000.0 2500.0 2625.0 1125.0 1250.0 500
2875.0 3000.0 2500.0 2625.0 1250.0 1375.0 500
2875.0 3000.0 2500.0 2625.0 1375.0 1500.0 500
2875.0 3000.0 2500.0 2625.0 1500.0 1625.0 500
2875.0 3000.0 2500.0 2625.0 1625.0 1750.0 500
2875.0 3000.0 2500.0 2625.0 1750.0 1875.0 500
3000.0 3125.0 2500.0 2625.0 1125.0 1250.0 500
3000.0 3125.0 2500.0 2625.0 1250.0 1375.0 500
3000.0 3125.0 2500.0 2625.0 1375.0 1500.0 500
3000.0 3125.0 2500.0 2625.0 1500.0 1625.0 500
3000.0 3125.0 2500.0 2625.0 1625.0 1750.0 500
3000.0 3125.0 2500.0 2625.0 1750.0 1875.0 500
3125.0 3250.0 2500.0 2625.0 1125.0 1250.0 500
3125.0 3250.0 2500.0 2625.0 1250.0 1375.0 500
3125.0 3250.0 2500.0 2625.0 1375.0 1500.0 500
3125.0 3250.0 2500.0 2625.0 1500.0 1625.0 500
3125.0 3250.0 2500.0 2625.0 1625.0 1750.0 500
3125.0 3250.0 2500.0 2625.0 1750.0 1875.0 500
3250.0 3375.0 2500.0 2625.0 1125.0 1250.0 500
3250.0 3375.0 2500.0 2625.0 1250.0 1375.0 500
3250.0 3375.0 2500.0 2625.0 1375.0 1500.0 500
3250.0 3375.0 2500.0 2625.0 1500.0 1625.0 500
3250.0 3375.0 2500.0 2625.0 1625.0 1750.0 500
3375.0 3500.0 2500.0 2625.0 1125.0 1250.0 500
3375.0 3500.0 2500.0 2625.0 1250.0 1375.0 500
3375.0 3500.0 2500.0 2625.0 1375.0 1500.0 500
3375.0 3500.0 2500.0 2625.0 1500.0 1625.0 500
3375.0 3500.0 2500.0 2625.0 1625.0 1750.0 500
3500.0 3625.0 2500.0 2625.0 1250.0 1375.0 500
3500.0 3625.0 2500.0 2625.0 1375.0 1500.0 500
3500.0 3625.0 2500.0 2625.0 1500.0 1625.0 500
3500.0 3625.0 2500.0 2625.0 1625.0 1750.0 500
3625.0 3750.0 2500.0 2625.0 1375.0 1500.0 500
3625.0 3750.0 2500.0 2625.0 1500.0 1625.0 500
2250.0 2375.0 2625.0 2750.0 1250.0 1375.0 500
2250.0 2375.0 2625.0 2750.0 1375.0 1500.0 500
2375.0 2500.0 2625.0 2750.0 1125.0 1250.0 500
2375.0 2500.0 2625.0 2750.0 1250.0 1375.0 500
2375.0 2500.0 2625.0 2750.0 1375.0 1500.0 500
2375.0 2500.0 2625.0 2750.0 1500.0 1625.0 500
2500.0 2625.0 2625.0 2750.0 1125.0 1250.0 500
2500.0 2625.0 2625.0 2750.0 1250.0 1375.0 500
2500.0 2625.0 2625.0 2750.0 1375.0 1500.0 500
2500.0 2625.0 2625.0 2750.0 1500.0 1625.0 500
2625.0 2750.0 2625.0 2750.0 1000.0 1125.0 500
2625.0 2750.0 2625.0 2750.0 1125.0 1250.0 500
2625.0 2750.0 2625.0 2750.0 1250.0 1375.0 500
2625.0 2750.0 2625.0 2750.0 1375.0 1500.0 500
2625.0 2750.0 2625.0 2750.0 1500.0 1625.0 500
2625.0 2750.0 2625.0 2750.0 1625.0 1750.0 500
2750.0 2875.0 2625.0 2750.0 1000.0 1125.0 500
2750.0 2875.0 2625.0 2750.0 1125.0 1250.0 500
2750.0 2875.0 2625.0 2750.0 1250.0 1375.0 500
2750.0 2875.0 2625.0 2750.0 1375.0 1500.0 500
2750.0 2875.0 2625.0 2750.0 1500.0 1625.0 500
2750.0 2875.0 2625.0 2750.0 1625.0 1750.0 500
2875.0 3000.0 2625.0 2750.0 1000.0 1125.0 500
2875.0 3000.0 2625.0 2750.0 1125.0 1250.0 500
2875.0 3000.0 2625.0 2750.0 1250.0 1375.0 500
2875.0 3000.0 2625.0 2750.0 1375.0 1500.0 500
2875.0 3000.0 2625.0 2750.0 1500.0 1625.0 500
2875.0 3000.0 2625.0 2750.0 1625.0 1750.0 500
3000.0 3125.0 2625.0 2750.0 1000.0 1125.0 500
3000.0 3125.0 2625.0 2750.0 1125.0 1250.0 500
3000.0 3125.0 2625.0 2750.0 1250.0 1375.0 500
3000.0 3125.0 2625.0 2750.0 1375.0 1500.0 500
3000.0 3125.0 2625.0 2750.0 1500.0 1625.0 500
3000.0 3125.0 2625.0 2750.0 1625.0 1750.0 500
3125.0 3250.0 2625.0 2750.0 1000.0 1125.0 500
3125.0 3250.0 2625.0 2750.0 1125.0 1250.0 500
3125.0 3250.0 2625.0 2750.0 1250.0 1375.0 500
3125.0 3250.0 2625.0 2750.0 1375.0 1500.0 500
3125.0 3250.0 2625.0 2750.0 1500.0 1625.0 500
3125.0 3250.0 2625.0 2750.0 1625.0 1750.0 500
3250.0 3375.0 2625.0 2750.0 1000.0 1125.0 500
3250.0 3375.0 2625.0 2750.0 1125.0 1250.0 500
3250.0 3375.0 2625.0 2750.0 1250.0 1375.0 500
3250.0 3375.0 2625.0 2750.0 1375.0 1500.0 500
3250.0 3375.0 2625.0 2750.0 1500.0 1625.0 500
3250.0 3375.0 2625.0 2750.0 1625.0 1750.0 500
3375.0 3500.0 2625.0 2750.0 1125.0 1250.0 500
3375.0 3500.0 2625.0 2750.0 1250.0 1375.0 500
3375.0 3500.0 2625.0 2750.0 1375.0 1500.0 500
3375.0 3500.0 2625.0 2750.0 1500.0 1625.0 500
3500.0 3625.0 2625.0 2750.0 1125.0 1250.0 500
3500.0 3625.0 2625.0 2750.0 1250.0 1375.0 500
3500.0 3625.0 2625.0 2750.0 1375.0 1500.0 500
3500.0 3625.0 2625.0 2750.0 1500.0 1625.0 500
3625.0 3750.0 2625.0 2750.0 1250.0 1375.0 500
3625.0 3750.0 2625.0 2750.0 1375.0 1500.0 500
2250.0 2375.0 2750.0 2875.0 1125.0 1250.0 500
2250.0 2375.0 2750.0 2875.0 1250.0 1375.0 500
2250.0 2375.0 2750.0 2875.0 1375.0 1500.0 500
2375.0 2500.0 2750.0 2875.0 1000.0 1125.0 500
2375.0 2500.0 2750.0 2875.0 1125.0 1250.0 500
2375.0 2500.0 2750.0 2875.0 1250.0 1375.0 500
2375.0 2500.0 2750.0 2875.0 1375.0 1500.0 500
2500.0 2625.0 2750.0 2875.0 1000.0 1125.0 500
2500.0 2625.0 2750.0 2875.0 1125.0 1250.0 500
2500.0 2625.0 2750.0 2875.0 1250.0 1375.0 500
2500.0 2625.0 2750.0 2875.0 1375.0 1500.0 500
2500.0 2625.0 2750.0 2875.0 1500.0 1625.0 500
2625.0 2750.0 2750.0 2875.0 875.0 1000.0 500
2625.0 2750.0 2750.0 2875.0 1000.0 1125.0 500
2625.0 2750.0 2750.0 2875.0 1125.0 1250.0 500
2625.0 2750.0 2750.0 2875.0 1250.0 1375.0 500
2625.0 2750.0 2750.0 2875.0 1375.0 1500.0 500
2625.0 2750.0 2750.0 2875.0 1500.0 1625.0 500
2750.0 2875.0 2750.0 2875.0 875.0 1000.0 500
2750.0 2875.0 2750.0 2875.0 1000.0 1125.0 500
2750.0 2875.0 2750.0 2875.0 1125.0 1250.0 500
2750.0 2875.0 2750.0 2875.0 1250.0 1375.0 500
2750.0 2875.0 2750.0 2875.0 1375.0 1500.0 500
2750.0 2875.0 2750.0 2875.0 1500.0 1625.0 500
2875.0 3000.0 2750.0 2875.0 875.0 1000.0 500
2875.0 3000.0 2750.0 2875.0 1000.0 1125.0 500
2875.0 3000.0 2750.0 2875.0 1125.0 1250.0 500
2875.0 3000.0 2750.0 2875.0 1250.0 1375.0 500
2875.0 3000.0 2750.0 2875.0 1375.0 1500.0 500
2875.0 3000.0 2750.0 2875.0 1500.0 1625.0 500
3000.0 3125.0 2750.0 2875.0 875.0 1000.0 500
3000.0 3125.0 2750.0 2875.0 1000.0 1125.0 500
3000.0 3125.0 2750.0 2875.0 1125.0 1250.0 500
3000.0 3125.0 2750.0 2875.0 1250.0 1375.0 500
3000.0 3125.0 2750.0 2875.0 1375.0 1500.0 500
3000.0 3125.0 2750.0 2875.0 1500.0 1625.0 500
3125.0 3250.0 2750.0 2875.0 875.0 1000.0 500
3125.0 3250.0 2750.0 2875.0 1000.0 1125.0 500
3125.0 3250.0 2750.0 2875.0 1125.0 1250.0 500
3125.0 3250.0 2750.0 2875.0 1250.0 1375.0 500
3125.0 3250.0 2750.0 2875.0 1375.0 1500.0 500
3125.0 3250.0 2750.0 2875.0 1500.0 1625.0 500
3250.0 3375.0 2750.0 2875.0 875.0 1000.0 500
3250.0 3375.0 2750.0 2875.0 1000.0 1125.0 500
3250.0 3375.0 2750.0 2875.0 1125.0 1250.0 500
3250.0 3375.0 2750.0 2875.0 1250.0 1375.0 500
3250.0 3375.0 2750.0 2875.0 1375.0 1500.0 500
3250.0 3375.0 2750.0 2875.0 1500.0 1625.0 500
3375.0 3500.0 2750.0 2875.0 1000.0 1125.0 500
3375.0 3500.0 2750.0 2875.0 1125.0 1250.0 500
3375.0 3500.0 2750.0 2875.0 1250.0 1375.0 500
3375.0 3500.0 2750.0 2875.0 1375.0 1500.0 500
3375.0 3500.0 2750.0 2875.0 1500.0 1625.0 500
3500.0 3625.0 2750.0 2875.0 1000.0 1125.0 500
3500.0 3625.0 2750.0 2875.0 1125.0 1250.0 500
3500.0 3625.0 2750.0 2875.0 1250.0 1375.0 500
3500.0 3625.0 2750.0 2875.0 1375.0 1500.0 500
3625.0 3750.0 2750.0 2875.0 1125.0 1250.0 500
3625.0 3750.0 2750.0 2875.0 1250.0 1375.0 500
3625.0 3750.0 2750.0 2875.0 1375.0 1500.0 500
2250.0 2375.0 2875.0 3000.0 1000.0 1125.0 500
2250.0 2375.0 2875.0 3000.0 1125.0 1250.0 500
2250.0 2375.0 2875.0 3000.0 1250.0 1375.0 500
2375.0 2500.0 2875.0 3000.0 875.0 1000.0 500
2375.0 2500.0 2875.0 3000.0 1000.0 1125.0 500
2375.0 2500.0 2875.0 3000.0 1125.0 1250.0 500
2375.0 2500.0 2875.0 3000.0 1250.0 1375.0 500
2375.0 2500.0 2875.0 3000.0 1375.0 1500.0 500
2500.0 2625.0 2875.0 3000.0 875.0 1000.0 500
2500.0 2625.0 2875.0 3000.0 1000.0 1125.0 500
2500.0 2625.0 2875.0 3000.0 1125.0 1250.0 500
2500.0 2625.0 2875.0 3000.0 1250.0 1375.0 500
2500.0 2625.0 2875.0 3000.0 1375.0 1500.0 500
2625.0 2750.0 2875.0 3000.0 875.0 1000.0 500
2625.0 2750.0 2875.0 3000.0 1000.0 1125.0 500
2625.0 2750.0 2875.0 3000.0 1125.0 1250.0 500
2625.0 2750.0 2875.0 3000.0 1250.0 1375.0 500
2625.0 2750.0 2875.0 3000.0 1375.0 1500.0 500
2750.0 2875.0 2875.0 3000.0 750.0 875.0 500
2750.0 2875.0 2875.0 3000.0 875.0 1000.0 500
2750.0 2875.0 2875.0 3000.0 1000.0 1125.0 500
2750.0 2875.0 2875.0 3000.0 1125.0 1250.0 500
2750.0 2875.0 2875.0 3000.0 1250.0 1375.0 500
2750.0 2875.0 2875.0 3000.0 1375.0 1500.0 500
2875.0 3000.0 2875.0 3000.0 750.0 875.0 500
2875.0 3000.0 2875.0 3000.0 875.0 1000.0 500
2875.0 3000.0 2875.0 3000.0 1000.0 1125.0 500
2875.0 3000.0 2875.0 3000.0 1125.0 1250.0 500
2875.0 3000.0 2875.0 3000.0 1250.0 1375.0 500
2875.0 3000.0 2875.0 3000.0 1375.0 1500.0 500
3000.0 3125.0 2875.0 3000.0 750.0 875.0 500
3000.0 3125.0 2875.0 3000.0 875.0 1000.0 500
3000.0 3125.0 2875.0 3000.0 1000.0 1125.0 500
3000.0 3125.0 2875.0 3000.0 1125.0 1250.0 500
3000.0 3125.0 2875.0 3000.0 1250.0 1375.0 500
3000.0 3125.0 2875.0 3000.0 1375.0 1500.0 500
3125.0 3250.0 2875.0 3000.0 750.0 875.0 500
3125.0 3250.0 2875.0 3000.0 875.0 1000.0 500
3125.0 3250.0 2875.0 3000.0 1000.0 1125.0 500
3125.0 3250.0 2875.0 3000.0 1125.0 1250.0 500
3125.0 3250.0 2875.0 3000.0 1250.0 1375.0 500
3125.0 3250.0 2875.0 3000.0 1375.0 1500.0 500
3250.0 3375.0 2875.0 3000.0 875.0 1000.0 500
3250.0 3375.0 2875.0 3000.0 1000.0 1125.0 500
3250.0 3375.0 2875.0 3000.0 1125.0 1250.0 500
3250.0 3375.0 2875.0 3000.0 1250.0 1375.0 500
3250.0 3375.0 2875.0 3000.0 1375.0 1500.0 500
3375.0 3500.0 2875.0 3000.0 875.0 1000.0 500
3375.0 3500.0 2875.0 3000.0 1000.0 1125.0 500
3375.0 3500.0 2875.0 3000.0 1125.0 1250.0 500
3375.0 3500.0 2875.0 3000.0 1250.0 1375.0 500
3375.0 3500.0 2875.0 3000.0 1375.0 1500.0 500
3500.0 3625.0 2875.0 3000.0 875.0 1000.0 500
3500.0 3625.0 2875.0 3000.0 1000.0 1125.0 500
3500.0 3625.0 2875.0 3000.0 1125.0 1250.0 500
3500.0 3625.0 2875.0 3000.0 1250.0 1375.0 500
3500.0 3625.0 2875.0 3000.0 1375.0 1500.0 500
3625.0 3750.0 2875.0 3000.0 1000.0 1125.0 500
3625.0 3750.0 2875.0 3000.0 1125.0 1250.0 500
3625.0 3750.0 2875.0 3000.0 1250.0 1375.0 500
2250.0 2375.0 3000.0 3125.0 875.0 1000.0 500
2250.0 2375.0 3000.0 3125.0 1000.0 1125.0 500
2250.0 2375.0 3000.0 3125.0 1125.0 1250.0 500
2375.0 2500.0 3000.0 3125.0 750.0 875.0 500
2375.0 2500.0 3000.0 3125.0 875.0 1000.0 500
2375.0 2500.0 3000.0 3125.0 1000.0 1125.0 500
2375.0 2500.0 3000.0 3125.0 1125.0 1250.0 500
2375.0 2500.0 3000.0 3125.0 1250.0 1375.0 500
2500.0 2625.0 3000.0 3125.0 750.0 875.0 500
2500.0 2625.0 3000.0 3125.0 875.0 1000.0 500
2500.0 2625.0 3000.0 3125.0 1000.0 1125.0 500
2500.0 2625.0 3000.0 3125.0 1125.0 1250.0 500
2500.0 2625.0 3000.0 3125.0 1250.0 1375.0 500
2625.0 2750.0 3000.0 3125.0 750.0 875.0 500
2625.0 2750.0 3000.0 3125.0 875.0 1000.0 500
2625.0 2750.0 3000.0 3125.0 1000.0 1125.0 500
2625.0 2750.0 3000.0 3125.0 1125.0 1250.0 500
2625.0 2750.0 3000.0 3125.0 1250.0 1375.0 500
2750.0 2875.0 3000.0 3125.0 750.0 875.0 500
2750.0 2875.0 3000.0 3125.0 875.0 1000.0 500
2750.0 2875.0 3000.0 3125.0 1000.0 1125.0 500
2750.0 2875.0 3000.0 3125.0 1125.0 1250.0 500
2750.0 2875.0 3000.0 3125.0 1250.0 1375.0 500
2750.0 2875.0 3000.0 3125.0 1375.0 1500.0 500
2875.0 3000.0 3000.0 3125.0 750.0 875.0 500
2875.0 3000.0 3000.0 3125.0 875.0 1000.0 500
2875.0 3000.0 3000.0 3125.0 1000.0 1125.0 500
2875.0 3000.0 3000.0 3125.0 1125.0 1250.0 500
2875.0 3000.0 3000.0 3125.0 1250.0 1375.0 500
2875.0 3000.0 3000.0 3125.0 1375.0 1500.0 500
3000.0 3125.0 3000.0 3125.0 750.0 875.0 500
3000.0 3125.0 3000.0 3125.0 875.0 1000.0 500
3000.0 3125.0 3000.0 3125.0 1000.0 1125.0 500
3000.0 3125.0 3000.0 3125.0 1125.0 1250.0 500
3000.0 3125.0 3000.0 3125.0 1250.0 1375.0 500
3000.0 3125.0 3000.0 3125.0 1375.0 1500.0 500
3125.0 3250.0 3000.0 3125.0 750.0 875.0 500
3125.0 3250.0 3000.0 3125.0 875.0 1000.0 500
3125.0 3250.0 3000.0 3125.0 1000.0 1125.0 500
3125.0 3250.0 3000.0 3125.0 1125.0 1250.0 500
3125.0 3250.0 3000.0 3125.0 1250.0 1375.0 500
3125.0 3250.0 3000.0 3125.0 1375.0 1500.0 500
3250.0 3375.0 3000.0 3125.0 750.0 875.0 500
3250.0 3375.0 3000.0 3125.0 875.0 1000.0 500
3250.0 3375.0 3000.0 3125.0 1000.0 1125.0 500
3250.0 3375.0 3000.0 3125.0 1125.0 1250.0 500
3250.0 3375.0 3000.0 3125.0 1250.0 1375.0 500
3375.0 3500.0 3000.0 3125.0 750.0 875.0 500
3375.0 3500.0 3000.0 3125.0 875.0 1000.0 500
3375.0 3500.0 3000.0 3125.0 1000.0 1125.0 500
3375.0 3500.0 3000.0 3125.0 1125.0 1250.0 500
3375.0 3500.0 3000.0 3125.0 1250.0 1375.0 500
3500.0 3625.0 3000.0 3125.0 750.0 875.0 500
3500.0 3625.0 3000.0 3125.0 875.0 1000.0 500
3500.0 3625.0 3000.0 3125.0 1000.0 1125.0 500
3500.0 3625.0 3000.0 3125.0 1125.0 1250.0 500
3500.0 3625.0 3000.0 3125.0 1250.0 1375.0 500
3625.0 3750.0 3000.0 3125.0 875.0 1000.0 500
3625.0 3750.0 3000.0 3125.0 1000.0 1125.0 500
3625.0 3750.0 3000.0 3125.0 1125.0 1250.0 500
2250.0 2375.0 3125.0 3250.0 750.0 875.0 500
2250.0 2375.0 3125.0 3250.0 875.0 1000.0 500
2250.0 2375.0 3125.0 3250.0 1000.0 1125.0 500
2375.0 2500.0 3125.0 3250.0 750.0 875.0 500
2375.0 2500.0 3125.0 3250.0 875.0 1000.0 500
2375.0 2500.0 3125.0 3250.0 1000.0 1125.0 500
2375.0 2500.0 3125.0 3250.0 1125.0 1250.0 500
2500.0 2625.0 3125.0 3250.0 625.0 750.0 500
2500.0 2625.0 3125.0 3250.0 750.0 875.0 500
2500.0 2625.0 3125.0 3250.0 875.0 1000.0 500
2500.0 2625.0 3125.0 3250.0 1000.0 1125.0 500
2500.0 2625.0 3125.0 3250.0 1125.0 1250.0 500
2625.0 2750.0 3125.0 3250.0 625.0 750.0 500
2625.0 2750.0 3125.0 3250.0 750.0 875.0 500
2625.0 2750.0 3125.0 3250.0 875.0 1000.0 500
2625.0 2750.0 3125.0 3250.0 1000.0 1125.0 500
2625.0 2750.0 3125.0 3250.0 1125.0 1250.0 500
2625.0 2750.0 3125.0 3250.0 1250.0 1375.0 500
2750.0 2875.0 3125.0 3250.0 625.0 750.0 500
2750.0 2875.0 3125.0 3250.0 750.0 875.0 500
2750.0 2875.0 3125.0 3250.0 875.0 1000.0 500
2750.0 2875.0 3125.0 3250.0 1000.0 1125.0 500
2750.0 2875.0 3125.0 3250.0 1125.0 1250.0 500
2750.0 2875.0 3125.0 3250.0 1250.0 1375.0 500
2875.0 3000.0 3125.0 3250.0 625.0 750.0 500
2875.0 3000.0 3125.0 3250.0 750.0 875.0 500
2875.0 3000.0 3125.0 3250.0 875.0 1000.0 500
2875.0 3000.0 3125.0 3250.0 1000.0 1125.0 500
2875.0 3000.0 3125.0 3250.0 1125.0 1250.0 500
2875.0 3000.0 3125.0 3250.0 1250.0 1375.0 500
3000.0 3125.0 3125.0 3250.0 625.0 750.0 500
3000.0 3125.0 3125.0 3250.0 750.0 875.0 500
3000.0 3125.0 3125.0 3250.0 875.0 1000.0 500
3000.0 3125.0 3125.0 3250.0 1000.0 1125.0 500
3000.0 3125.0 3125.0 3250.0 1125.0 1250.0 500
3000.0 3125.0 3125.0 3250.0 1250.0 1375.0 500
3125.0 3250.0 3125.0 3250.0 625.0 750.0 500
3125.0 3250.0 3125.0 3250.0 750.0 875.0 500
3125.0 3250.0 3125.0 3250.0 875.0 1000.0 500
3125.0 3250.0 3125.0 3250.0 1000.0 1125.0 500
3125.0 3250.0 3125.0 3250.0 1125.0 1250.0 500
3125.0 3250.0 3125.0 3250.0 1250.0 1375.0 500
3250.0 3375.0 3125.0 3250.0 625.0 750.0 500
3250.0 3375.0 3125.0 3250.0 750.0 875.0 500
3250.0 3375.0 3125.0 3250.0 875.0 1000.0 500
3250.0 3375.0 3125.0 3250.0 1000.0 1125.0 500
3250.0 3375.0 3125.0 3250.0 1125.0 1250.0 500
3250.0 3375.0 3125.0 3250.0 1250.0 1375.0 500
3375.0 3500.0 3125.0 3250.0 625.0 750.0 500
3375.0 3500.0 3125.0 3250.0 750.0 875.0 500
3375.0 3500.0 3125.0 3250.0 875.0 1000.0 500
3375.0 3500.0 3125.0 3250.0 1000.0 1125.0 500
3375.0 3500.0 3125.0 3250.0 1125.0 1250.0 500
3500.0 3625.0 3125.0 3250.0 750.0 875.0 500
3500.0 3625.0 3125.0 3250.0 875.0 1000.0 500
3500.0 3625.0 3125.0 3250.0 1000.0 1125.0 500
3500.0 3625.0 3125.0 3250.0 1125.0 1250.0 500
3625.0 3750.0 3125.0 3250.0 750.0 875.0 500
3625.0 3750.0 3125.0 3250.0 875.0 1000.0 500
3625.0 3750.0 3125.0 3250.0 1000.0 1125.0 500
2250.0 2375.0 3250.0 3375.0 750.0 875.0 500
2250.0 2375.0 3250.0 3375.0 875.0 1000.0 500
2375.0 2500.0 3250.0 3375.0 625.0 750.0 500
2375.0 2500.0 3250.0 3375.0 750.0 875.0 500
2375.0 2500.0 3250.0 3375.0 875.0 1000.0 500
2375.0 2500.0 3250.0 3375.0 1000.0 1125.0 500
2500.0 2625.0 3250.0 3375.0 625.0 750.0 500
2500.0 2625.0 3250.0 3375.0 750.0 875.0 500
2500.0 2625.0 3250.0 3375.0 875.0 1000.0 500
2500.0 2625.0 3250.0 3375.0 1000.0 1125.0 500
2625.0 2750.0 3250.0 3375.0 500.0 625.0 500
2625.0 2750.0 3250.0 3375.0 625.0 750.0 500
2625.0 2750.0 3250.0 3375.0 750.0 875.0 500
2625.0 2750.0 3250.0 3375.0 875.0 1000.0 500
2625.0 2750.0 3250.0 3375.0 1000.0 1125.0 500
2625.0 2750.0 3250.0 3375.0 1125.0 1250.0 500
2750.0 2875.0 3250.0 3375.0 500.0 625.0 500
2750.0 2875.0 3250.0 3375.0 625.0 750.0 500
2750.0 2875.0 3250.0 3375.0 750.0 875.0 500
2750.0 2875.0 3250.0 3375.0 875.0 1000.0 500
2750.0 2875.0 3250.0 3375.0 1000.0 1125.0 500
2750.0 2875.0 3250.0 3375.0 1125.0 1250.0 500
2875.0 3000.0 3250.0 3375.0 500.0 625.0 500
2875.0 3000.0 3250.0 3375.0 625.0 750.0 500
2875.0 3000.0 3250.0 3375.0 750.0 875.0 500
2875.0 3000.0 3250.0 3375.0 875.0 1000.0 500
2875.0 3000.0 3250.0 3375.0 1000.0 1125.0 500
2875.0 3000.0 3250.0 3375.0 1125.0 1250.0 500
3000.0 3125.0 3250.0 3375.0 500.0 625.0 500
3000.0 3125.0 3250.0 3375.0 625.0 750.0 500
3000.0 3125.0 3250.0 3375.0 750.0 875.0 500
3000.0 3125.0 3250.0 3375.0 875.0 1000.0 500
3000.0 3125.0 3250.0 3375.0 1000.0 1125.0 500
3000.0 3125.0 3250.0 3375.0 1125.0 1250.0 500
3125.0 3250.0 3250.0 3375.0 500.0 625.0 500
3125.0 3250.0 3250.0 3375.0 625.0 750.0 500
3125.0 3250.0 3250.0 3375.0 750.0 875.0 500
3125.0 3250.0 3250.0 3375.0 875.0 1000.0 500
3125.0 3250.0 3250.0 3375.0 1000.0 1125.0 500
3125.0 3250.0 3250.0 3375.0 1125.0 1250.0 500
3250.0 3375.0 3250.0 3375.0 500.0 625.0 500
3250.0 3375.0 3250.0 3375.0 625.0 750.0 500
3250.0 3375.0 3250.0 3375.0 750.0 875.0 500
3250.0 3375.0 3250.0 3375.0 875.0 1000.0 500
3250.0 3375.0 3250.0 3375.0 1000.0 1125.0 500
3250.0 3375.0 3250.0 3375.0 1125.0 1250.0 500
3375.0 3500.0 3250.0 3375.0 625.0 750.0 500
3375.0 3500.0 3250.0 3375.0 750.0 875.0 500
3375.0 3500.0 3250.0 3375.0 875.0 1000.0 500
3375.0 3500.0 3250.0 3375.0 1000.0 1125.0 500
3500.0 3625.0 3250.0 3375.0 625.0 750.0 500
3500.0 3625.0 3250.0 3375.0 750.0 875.0 500
3500.0 3625.0 3250.0 3375.0 875.0 1000.0 500
3500.0 3625.0 3250.0 3375.0 1000.0 1125.0 500
3625.0 3750.0 3250.0 3375.0 750.0 875.0 500
3625.0 3750.0 3250.0 3375.0 875.0 1000.0 500
2250.0 2375.0 3375.0 3500.0 625.0 750.0 500
2250.0 2375.0 3375.0 3500.0 750.0 875.0 500
2375.0 2500.0 3375.0 3500.0 500.0 625.0 500
2375.0 2500.0 3375.0 3500.0 625.0 750.0 500
2375.0 2500.0 3375.0 3500.0 750.0 875.0 500
2375.0 2500.0 3375.0 3500.0 875.0 1000.0 500
2500.0 2625.0 3375.0 3500.0 500.0 625.0 500
2500.0 2625.0 3375.0 3500.0 625.0 750.0 500
2500.0 2625.0 3375.0 3500.0 750.0 875.0 500
2500.0 2625.0 3375.0 3500.0 875.0 1000.0 500
2500.0 2625.0 3375.0 3500.0 1000.0 1125.0 500
2625.0 2750.0 3375.0 3500.0 500.0 625.0 500
2625.0 2750.0 3375.0 3500.0 625.0 750.0 500
2625.0 2750.0 3375.0 3500.0 750.0 875.0 500
2625.0 2750.0 3375.0 3500.0 875.0 1000.0 500
2625.0 2750.0 3375.0 3500.0 1000.0 1125.0 500
2750.0 2875.0 3375.0 3500.0 375.0 500.0 500
2750.0 2875.0 3375.0 3500.0 500.0 625.0 500
2750.0 2875.0 3375.0 3500.0 625.0 750.0 500
2750.0 2875.0 3375.0 3500.0 750.0 875.0 500
2750.0 2875.0 3375.0 3500.0 875.0 1000.0 500
2750.0 2875.0 3375.0 3500.0 1000.0 1125.0 500
2875.0 3000.0 3375.0 3500.0 375.0 500.0 500
2875.0 3000.0 3375.0 3500.0 500.0 625.0 500
2875.0 3000.0 3375.0 3500.0 625.0 750.0 500
2875.0 3000.0 3375.0 3500.0 750.0 875.0 500
2875.0 3000.0 3375.0 3500.0 875.0 1000.0 500
2875.0 3000.0 3375.0 3500.0 1000.0 1125.0 500
3000.0 3125.0 3375.0 3500.0 375.0 500.0 500
3000.0 3125.0 3375.0 3500.0 500.0 625.0 500
3000.0 3125.0 3375.0 3500.0 625.0 750.0 500
3000.0 3125.0 3375.0 3500.0 750.0 875.0 500
3000.0 3125.0 3375.0 3500.0 875.0 1000.0 500
3000.0 3125.0 3375.0 3500.0 1000.0 1125.0 500
3125.0 3250.0 3375.0 3500.0 375.0 500.0 500
3125.0 3250.0 3375.0 3500.0 500.0 625.0 500
3125.0 3250.0 3375.0 3500.0 625.0 750.0 500
3125.0 3250.0 3375.0 3500.0 750.0 875.0 500
3125.0 3250.0 3375.0 3500.0 875.0 1000.0 500
3125.0 3250.0 3375.0 3500.0 1000.0 1125.0 500
3250.0 3375.0 3375.0 3500.0 500.0 625.0 500
3250.0 3375.0 3375.0 3500.0 625.0 750.0 500
3250.0 3375.0 3375.0 3500.0 750.0 875.0 500
3250.0 3375.0 3375.0 3500.0 875.0 1000.0 500
3250.0 3375.0 3375.0 3500.0 1000.0 1125.0 500
3375.0 3500.0 3375.0 3500.0 500.0 625.0 500
3375.0 3500.0 3375.0 3500.0 625.0 750.0 500
3375.0 3500.0 3375.0 3500.0 750.0 875.0 500
3375.0 3500.0 3375.0 3500.0 875.0 1000.0 500
3375.0 3500.0 3375.0 3500.0 1000.0 1125.0 500
3500.0 3625.0 3375.0 3500.0 500.0 625.0 500
3500.0 3625.0 3375.0 3500.0 625.0 750.0 500
3500.0 3625.0 3375.0 3500.0 750.0 875.0 500
3500.0 3625.0 3375.0 3500.0 875.0 1000.0 500
3625.0 3750.0 3375.0 3500.0 625.0 750.0 500
3625.0 3750.0 3375.0 3500.0 750.0 875.0 500
2250.0 2375.0 3500.0 3625.0 625.0 750.0 500
2375.0 2500.0 3500.0 3625.0 500.0 625.0 500
2375.0 2500.0 3500.0 3625.0 625.0 750.0 500
2375.0 2500.0 3500.0 3625.0 750.0 875.0 500
2500.0 2625.0 3500.0 3625.0 375.0 500.0 500
2500.0 2625.0 3500.0 3625.0 500.0 625.0 500
2500.0 2625.0 3500.0 3625.0 625.0 750.0 500
2500.0 2625.0 3500.0 3625.0 750.0 875.0 500
2500.0 2625.0 3500.0 3625.0 875.0 1000.0 500
2625.0 2750.0 3500.0 3625.0 375.0 500.0 500
2625.0 2750.0 3500.0 3625.0 500.0 625.0 500
2625.0 2750.0 3500.0 3625.0 625.0 750.0 500
2625.0 2750.0 3500.0 3625.0 750.0 875.0 500
2625.0 2750.0 3500.0 3625.0 875.0 1000.0 500
2750.0 2875.0 3500.0 3625.0 375.0 500.0 500
2750.0 2875.0 3500.0 3625.0 500.0 625.0 500
2750.0 2875.0 3500.0 3625.0 625.0 750.0 500
2750.0 2875.0 3500.0 3625.0 750.0 875.0 500
2750.0 2875.0 3500.0 3625.0 875.0 1000.0 500
2875.0 3000.0 3500.0 3625.0 375.0 500.0 500
2875.0 3000.0 3500.0 3625.0 500.0 625.0 500
2875.0 3000.0 3500.0 3625.0 625.0 750.0 500
2875.0 3000.0 3500.0 3625.0 750.0 875.0 500
2875.0 3000.0 3500.0 3625.0 875.0 1000.0 500
3000.0 3125.0 3500.0 3625.0 375.0 500.0 500
3000.0 3125.0 3500.0 3625.0 500.0 625.0 500
3000.0 3125.0 3500.0 3625.0 625.0 750.0 500
3000.0 3125.0 3500.0 3625.0 750.0 875.0 500
3000.0 3125.0 3500.0 3625.0 875.0 1000.0 500
3125.0 3250.0 3500.0 3625.0 375.0 500.0 500
3125.0 3250.0 3500.0 3625.0 500.0 625.0 500
3125.0 3250.0 3500.0 3625.0 625.0 750.0 500
3125.0 3250.0 3500.0 3625.0 750.0 875.0 500
3125.0 3250.0 3500.0 3625.0 875.0 1000.0 500
3250.0 3375.0 3500.0 3625.0 375.0 500.0 500
3250.0 3375.0 3500.0 3625.0 500.0 625.0 500
3250.0 3375.0 3500.0 3625.0 625.0 750.0 500
3250.0 3375.0 3500.0 3625.0 750.0 875.0 500
3250.0 3375.0 3500.0 3625.0 875.0 1000.0 500
3375.0 3500.0 3500.0 3625.0 375.0 500.0 500
3375.0 3500.0 3500.0 3625.0 500.0 625.0 500
3375.0 3500.0 3500.0 3625.0 625.0 750.0 500
3375.0 3500.0 3500.0 3625.0 750.0 875.0 500
3375.0 3500.0 3500.0 3625.0 875.0 1000.0 500
3500.0 3625.0 3500.0 3625.0 500.0 625.0 500
3500.0 3625.0 3500.0 3625.0 625.0 750.0 500
3500.0 3625.0 3500.0 3625.0 750.0 875.0 500
3625.0 3750.0 3500.0 3625.0 625.0 750.0 500
2375.0 2500.0 3625.0 3750.0 375.0 500.0 500
2375.0 2500.0 3625.0 3750.0 500.0 625.0 500
2375.0 2500.0 3625.0 3750.0 625.0 750.0 500
2500.0 2625.0 3625.0 3750.0 375.0 500.0 500
2500.0 2625.0 3625.0 3750.0 500.0 625.0 500
2500.0 2625.0 3625.0 3750.0 625.0 750.0 500
2500.0 2625.0 3625.0 3750.0 750.0 875.0 500
2625.0 2750.0 3625.0 3750.0 375.0 500.0 500
2625.0 2750.0 3625.0 3750.0 500.0 625.0 500
2625.0 2750.0 3625.0 3750.0 625.0 750.0 500
2625.0 2750.0 3625.0 3750.0 750.0 875.0 500
2750.0 2875.0 3625.0 3750.0 250.0 375.0 500
2750.0 2875.0 3625.0 3750.0 375.0 500.0 500
2750.0 2875.0 3625.0 3750.0 500.0 625.0 500
2750.0 2875.0 3625.0 3750.0 625.0 750.0 500
2750.0 2875.0 3625.0 3750.0 750.0 875.0 500
2875.0 3000.0 3625.0 3750.0 250.0 375.0 500
2875.0 3000.0 3625.0 3750.0 375.0 500.0 500
2875.0 3000.0 3625.0 3750.0 500.0 625.0 500
2875.0 3000.0 3625.0 3750.0 625.0 750.0 500
2875.0 3000.0 3625.0 3750.0 750.0 875.0 500
3000.0 3125.0 3625.0 3750.0 250.0 375.0 500
3000.0 3125.0 3625.0 3750.0 375.0 500.0 500
3000.0 3125.0 3625.0 3750.0 500.0 625.0 500
3000.0 3125.0 3625.0 3750.0 625.0 750.0 500
3000.0 3125.0 3625.0 3750.0 750.0 875.0 500
3125.0 3250.0 3625.0 3750.0 250.0 375.0 500
3125.0 3250.0 3625.0 3750.0 375.0 500.0 500
3125.0 3250.0 3625.0 3750.0 500.0 625.0 500
3125.0 3250.0 3625.0 3750.0 625.0 750.0 500
3125.0 3250.0 3625.0 3750.0 750.0 875.0 500
3250.0 3375.0 3625.0 3750.0 375.0 500.0 500
3250.0 3375.0 3625.0 3750.0 500.0 625.0 500
3250.0 3375.0 3625.0 3750.0 625.0 750.0 500
3250.0 3375.0 3625.0 3750.0 750.0 875.0 500
3375.0 3500.0 3625.0 3750.0 375.0 500.0 500
3375.0 3500.0 3625.0 3750.0 500.0 625.0 500
3375.0 3500.0 3625.0 3750.0 625.0 750.0 500
3375.0 3500.0 3625.0 3750.0 750.0 875.0 500
3500.0 3625.0 3625.0 3750.0 375.0 500.0 500
3500.0 3625.0 3625.0 3750.0 500.0 625.0 500
3500.0 3625.0 3625.0 3750.0 625.0 750.0 500
2375.0 2500.0 3750.0 3875.0 375.0 500.0 500
2500.0 2625.0 3750.0 3875.0 250.0 375.0 500
2500.0 2625.0 3750.0 3875.0 375.0 500.0 500
2500.0 2625.0 3750.0 3875.0 500.0 625.0 500
2625.0 2750.0 3750.0 3875.0 250.0 375.0 500
2625.0 2750.0 3750.0 3875.0 375.0 500.0 500
2625.0 2750.0 3750.0 3875.0 500.0 625.0 500
2625.0 2750.0 3750.0 3875.0 625.0 750.0 500
2750.0 2875.0 3750.0 3875.0 250.0 375.0 500
2750.0 2875.0 3750.0 3875.0 375.0 500.0 500
2750.0 2875.0 3750.0 3875.0 500.0 625.0 500
2750.0 2875.0 3750.0 3875.0 625.0 750.0 500
2875.0 3000.0 3750.0 3875.0 250.0 375.0 500
2875.0 3000.0 3750.0 3875.0 375.0 500.0 500
2875.0 3000.0 3750.0 3875.0 500.0 625.0 500
2875.0 3000.0 3750.0 3875.0 625.0 750.0 500
3000.0 3125.0 3750.0 3875.0 250.0 375.0 500
3000.0 3125.0 3750.0 3875.0 375.0 500.0 500
3000.0 3125.0 3750.0 3875.0 500.0 625.0 500
3000.0 3125.0 3750.0 3875.0 625.0 750.0 500
3125.0 3250.0 3750.0 3875.0 250.0 375.0 500
3125.0 3250.0 3750.0 3875.0 375.0 500.0 500
3125.0 3250.0 3750.0 3875.0 500.0 625.0 500
3125.0 3250.0 3750.0 3875.0 625.0 750.0 500
3250.0 3375.0 3750.0 3875.0 250.0 375.0 500
3250.0 3375.0 3750.0 3875.0 375.0 500.0 500
3250.0 3375.0 3750.0 3875.0 500.0 625.0 500
3250.0 3375.0 3750.0 3875.0 625.0 750.0 500
3375.0 3500.0 3750.0 3875.0 250.0 375.0 500
3375.0 3500.0 3750.0 3875.0 375.0 500.0 500
3375.0 3500.0 3750.0 3875.0 500.0 625.0 500
3500.0 3625.0 3750.0 3875.0 375.0 500.0 500
2500.0 2625.0 3875.0 4000.0 250.0 375.0 500
2500.0 2625.0 3875.0 4000.0 375.0 500.0 500
2625.0 2750.0 3875.0 4000.0 250.0 375.0 500
2625.0 2750.0 3875.0 4000.0 375.0 500.0 500
2625.0 2750.0 3875.0 4000.0 500.0 625.0 500
2750.0 2875.0 3875.0 4000.0 125.0 250.0 500
2750.0 2875.0 3875.0 4000.0 250.0 375.0 500
2750.0 2875.0 3875.0 4000.0 375.0 500.0 500
2750.0 2875.0 3875.0 4000.0 500.0 625.0 500
2875.0 3000.0 3875.0 4000.0 125.0 250.0 500
2875.0 3000.0 3875.0 4000.0 250.0 375.0 500
2875.0 3000.0 3875.0 4000.0 375.0 500.0 500
2875.0 3000.0 3875.0 4000.0 500.0 625.0 500
3000.0 3125.0 3875.0 4000.0 125.0 250.0 500
3000.0 3125.0 3875.0 4000.0 250.0 375.0 500
3000.0 3125.0 3875.0 4000.0 375.0 500.0 500
3000.0 3125.0 3875.0 4000.0 500.0 625.0 500
3125.0 3250.0 3875.0 4000.0 125.0 250.0 500
3125.0 3250.0 3875.0 4000.0 250.0 375.0 500
3125.0 3250.0 3875.0 4000.0 375.0 500.0 500
3125.0 3250.0 3875.0 4000.0 500.0 625.0 500
3250.0 3375.0 3875.0 4000.0 250.0 375.0 500
3250.0 3375.0 3875.0 4000.0 375.0 500.0 500
3250.0 3375.0 3875.0 4000.0 500.0 625.0 500
3375.0 3500.0 3875.0 4000.0 250.0 375.0 500
3375.0 3500.0 3875.0 4000.0 375.0 500.0 500
2625.0 2750.0 4000.0 4125.0 250.0 375.0 500
2750.0 2875.0 4000.0 4125.0 125.0 250.0 500
2750.0 2875.0 4000.0 4125.0 250.0 375.0 500
2875.0 3000.0 4000.0 4125.0 125.0 250.0 500
2875.0 3000.0 4000.0 4125.0 250.0 375.0 500
2875.0 3000.0 4000.0 4125.0 375.0 500.0 500
3000.0 3125.0 4000.0 4125.0 125.0 250.0 500
3000.0 3125.0 4000.0 4125.0 250.0 375.0 500
3000.0 3125.0 4000.0 4125.0 375.0 500.0 500
3125.0 3250.0 4000.0 4125.0 125.0 250.0 500
3125.0 3250.0 4000.0 4125.0 250.0 375.0 500
3250.0 3375.0 4000.0 4125.0 250.0 375.0 500
