                   lambda                   misfit
     1.00000000000000e+03     9.06025431843795e+02
     5.00000000000000e+02     3.00274474947267e+02
     2.50000000000000e+02     2.13643280375862e+02
     1.25000000000000e+02     1.64978981826269e+02
     6.25000000000000e+01     1.66344406601913e+02
     3.12500000000000e+01     1.66269938385060e+02
     1.00000000000000e+03     1.45565378665236e+02
     5.00000000000000e+02     1.04302550678469e+02
     2.50000000000000e+02     7.04782161626491e+01
     1.25000000000000e+02     4.55521104738482e+01
     6.25000000000000e+01     2.96278479371662e+01
     3.12500000000000e+01     1.87339346269215e+01
     1.56250000000000e+01     1.02372733925719e+01
     7.81250000000000e+00     7.52676408966582e+00
     3.90625000000000e+00     6.58017100655955e+00
     1.95312500000000e+00     6.36335341401775e+00
     9.76562500000000e-01     6.44961498126348e+00
     4.88281250000000e-01     7.07280628961892e+00
     1.00000000000000e+03     7.78391970747857e+01
     5.00000000000000e+02     6.80020655844271e+01
     2.50000000000000e+02     5.21790697186816e+01
     1.25000000000000e+02     3.18880733102903e+01
     6.25000000000000e+01     1.76803120238717e+01
     3.12500000000000e+01     1.13595404225480e+01
     1.56250000000000e+01     8.04676300784628e+00
     7.81250000000000e+00     5.70478200310786e+00
     3.90625000000000e+00     3.99031857913246e+00
     1.95312500000000e+00     3.12303069910031e+00
     9.76562500000000e-01     2.80101219564995e+00
     4.88281250000000e-01     2.54362887158085e+00
     2.44140625000000e-01     2.14970642600353e+00
     1.22070312500000e-01     2.26282730916291e+00
     6.10351562500000e-02     2.66222742512344e+00
     1.00000000000000e+03     6.16505787344949e+01
     5.00000000000000e+02     7.65166362765527e+01
     2.50000000000000e+02     4.97954555915873e+01
     1.25000000000000e+02     3.25629650108229e+01
     6.25000000000000e+01     1.87277563944157e+01
     3.12500000000000e+01     1.08653916144749e+01
     1.56250000000000e+01     6.23489030959902e+00
     7.81250000000000e+00     3.85606557615884e+00
     3.90625000000000e+00     2.59943880189085e+00
     1.95312500000000e+00     2.12886880129784e+00
     9.76562500000000e-01     1.97823193334927e+00
     4.88281250000000e-01     1.75691072332355e+00
     2.44140625000000e-01     1.49924016983035e+00
     1.22070312500000e-01     1.30005121692665e+00
     6.10351562500000e-02     1.18209574484786e+00
     3.05175781250000e-02     1.15056151175810e+00
     1.52587890625000e-02     1.14267846619040e+00
     7.62939453125000e-03     1.25425241712178e+00
     3.81469726562500e-03     1.30388187430830e+00
     1.00000000000000e+03     9.29448155483629e+01
     5.00000000000000e+02     9.20471170079440e+01
     2.50000000000000e+02     6.63981268444279e+01
     1.25000000000000e+02     4.19241974364230e+01
     6.25000000000000e+01     2.25545611539103e+01
     3.12500000000000e+01     1.36945628967572e+01
     1.56250000000000e+01     9.19283467246477e+00
     7.81250000000000e+00     6.99878638187505e+00
     3.90625000000000e+00     5.06232556544183e+00
     1.95312500000000e+00     3.56260819664538e+00
     9.76562500000000e-01     2.39794924925723e+00
     4.88281250000000e-01     1.68217288344993e+00
     2.44140625000000e-01     1.48581466155372e+00
     1.22070312500000e-01     1.12767371380525e+00
     6.10351562500000e-02     9.83634971607582e-01
