                   lambda                   misfit
     2.00000000000000e-02                      nan
    1.35584854822902e-311                      nan
     0.00000000000000e+00                      nan
     0.00000000000000e+00                      nan
     0.00000000000000e+00                      nan
     0.00000000000000e+00                      nan
     0.00000000000000e+00                      nan
     0.00000000000000e+00                      nan
     0.00000000000000e+00                      nan
     0.00000000000000e+00                      nan
