                   lambda                   misfit
     1.00000000000000e+05     1.48394696279647e+01
     5.00000000000000e+04     1.98163605312770e+01
     2.50000000000000e+04     1.85040871914547e+01
     1.25000000000000e+04     1.67332710814127e+01
     6.25000000000000e+03     1.47904626134550e+01
     3.12500000000000e+03     1.29629734527193e+01
     1.56250000000000e+03     1.28531060684222e+01
     7.81250000000000e+02     1.86746532688322e+01
     3.90625000000000e+02     2.26111722159757e+01
     1.25000000000000e+04     1.54271668349339e+01
     6.25000000000000e+03     1.50677164307524e+01
     3.12500000000000e+03     1.32724328924902e+01
     1.56250000000000e+03     1.07653900145505e+01
     7.81250000000000e+02     8.27921970553519e+00
     3.90625000000000e+02     6.09029814070217e+00
     1.95312500000000e+02     4.11536038772811e+00
     9.76562500000000e+01     3.77819025603856e+00
     4.88281250000000e+01     1.85238507350415e+00
     2.44140625000000e+01     1.22221756224999e+00
     1.22070312500000e+01     1.01275426457988e+00
     6.10351562500000e+00     1.28339661538901e+00
     3.05175781250000e+00     1.33059044565561e+00
     9.76562500000000e+01     1.89507491891967e+00
     4.88281250000000e+01     1.65419316565418e+00
     2.44140625000000e+01     1.32444497716025e+00
     1.22070312500000e+01     1.11008421440757e+00
     6.10351562500000e+00     1.00699676919549e+00
     3.05175781250000e+00     9.49524166930682e-01
