                   lambda                   misfit
     1.00000000000000e+02     4.90763084744822e+00
     7.00000000000000e+01     4.15529127544309e+00
     4.90000000000000e+01     3.48384262347238e+00
     3.43000000000000e+01     2.93117473282262e+00
     2.40100000000000e+01     2.45640428372157e+00
     1.68070000000000e+01     2.06215983128359e+00
     1.17649000000000e+01     1.73391832470859e+00
     8.23543000000000e+00     1.46567975940714e+00
     5.76480100000000e+00     1.24537254625137e+00
     4.03536070000000e+00     1.07023486975194e+00
     2.82475249000000e+00     9.37955883152611e-01
