                   lambda                   misfit
     1.00000000000000e+02     5.21747485674112e+00
     6.00000000000000e+01     4.34759854660515e+00
     3.60000000000000e+01     3.62306777325865e+00
     2.16000000000000e+01     3.03913411938697e+00
     1.29600000000000e+01     2.60997003600602e+00
     7.77600000000000e+00     2.35224869037280e+00
     4.66560000000000e+00     2.23115541754832e+00
     2.79936000000000e+00     2.31856914639941e+00
     1.67961600000000e+00     2.03699531039549e+00
     1.00776960000000e+00     2.49518135364153e+00
     6.04661760000000e-01     2.61695934342864e+00
     7.77600000000000e+00     2.53509868287988e+00
     4.66560000000000e+00     1.67660436178153e+00
     2.79936000000000e+00     1.51923696735835e+00
     1.67961600000000e+00     1.40202087449482e+00
     1.00776960000000e+00     1.32431619059690e+00
     6.04661760000000e-01     1.27246241629951e+00
     3.62797056000000e-01     1.23282475573650e+00
     2.17678233600000e-01     1.20364311239585e+00
     1.30606940160000e-01     1.18077680794591e+00
     7.83641640960000e-02     1.16640217404309e+00
     3.62797056000000e-01     1.14746572775185e+00
     2.17678233600000e-01     1.00510068849199e+00
     1.30606940160000e-01     9.90313649698890e-01
