                   lambda                   misfit
     1.00000000000000e+02     2.87692407293818e+01
     5.00000000000000e+01     1.80041746046372e+01
     2.50000000000000e+01     1.17232017747442e+01
     1.25000000000000e+01     8.13973014191119e+00
     6.25000000000000e+00     6.94205495669081e+00
     3.12500000000000e+00     8.77028336383134e+00
     1.56250000000000e+00     1.24374912062777e+01
     1.00000000000000e+02     3.33899955970846e+01
     5.00000000000000e+01     2.08942422577168e+01
     2.50000000000000e+01     1.35671436214237e+01
     1.25000000000000e+01     8.69803053317487e+00
     6.25000000000000e+00     5.70648875469097e+00
     3.12500000000000e+00     3.97904222452963e+00
     1.56250000000000e+00     2.95258999678853e+00
     7.81250000000000e-01     2.37428378618733e+00
     3.90625000000000e-01     2.01954412350923e+00
     1.95312500000000e-01     1.80664434955003e+00
     9.76562500000000e-02     1.71171217351357e+00
     4.88281250000000e-02     1.66284883762267e+00
     2.44140625000000e-02     1.69612117625050e+00
     1.22070312500000e-02     1.87057657025183e+00
     1.00000000000000e+02     2.64588266248503e+01
     5.00000000000000e+01     1.55051748736564e+01
     2.50000000000000e+01     9.67295402946146e+00
     1.25000000000000e+01     5.88532853009810e+00
     6.25000000000000e+00     3.86164778394830e+00
     3.12500000000000e+00     2.60533974534656e+00
     1.56250000000000e+00     1.89764858993859e+00
     7.81250000000000e-01     1.61858672119639e+00
     3.90625000000000e-01     1.55264091706247e+00
     1.95312500000000e-01     1.20711256925519e+00
     9.76562500000000e-02     1.10942681433666e+00
     4.88281250000000e-02     1.09199902257246e+00
     2.44140625000000e-02     1.01852454246357e+00
     1.22070312500000e-02     1.01332674272069e+00
     6.10351562500000e-03     1.05137275698483e+00
     3.05175781250000e-03     1.00594350608452e+00
     1.52587890625000e-03     9.97827146507921e-01
