                   lambda                   misfit
     1.00000000000000e+04     6.84136762630699e+02
     5.00000000000000e+03     5.91603203303011e+02
     2.50000000000000e+03     4.12405718531349e+02
     1.25000000000000e+03     3.13265839156430e+02
     6.25000000000000e+02     2.43399265100167e+02
     3.12500000000000e+02     1.44504923640052e+02
     1.56250000000000e+02     6.72821138616036e+01
     7.81250000000000e+01     3.40981831359594e+01
     3.90625000000000e+01     3.40531457728661e+01
     1.95312500000000e+01     3.81588101667970e+01
     9.76562500000000e+00     3.90979907137808e+01
     1.00000000000000e+04     1.06135594537368e+02
     5.00000000000000e+03     8.60546900557436e+01
     2.50000000000000e+03     6.27970160809953e+01
     1.25000000000000e+03     4.86675450289270e+01
     6.25000000000000e+02     3.77188545778241e+01
     3.12500000000000e+02     3.22379907302990e+01
     1.56250000000000e+02     2.54897214743337e+01
     7.81250000000000e+01     1.97140140381115e+01
     3.90625000000000e+01     1.69129395056184e+01
     1.95312500000000e+01     1.51819366781785e+01
     9.76562500000000e+00     1.32261199749632e+01
     4.88281250000000e+00     8.13763662483820e+00
     2.44140625000000e+00     1.02049305085488e+01
     1.22070312500000e+00     1.60842442066455e+01
     1.00000000000000e+04     1.02980119018493e+02
     5.00000000000000e+03     8.67376718286830e+01
     2.50000000000000e+03     7.41915769763496e+01
     1.25000000000000e+03     5.59635752186146e+01
     6.25000000000000e+02     3.89665988316480e+01
     3.12500000000000e+02     2.72261658809168e+01
     1.56250000000000e+02     2.13203858491166e+01
     7.81250000000000e+01     1.63743412213843e+01
     3.90625000000000e+01     1.15819064552705e+01
     1.95312500000000e+01     8.47956290716601e+00
     9.76562500000000e+00     5.62298963276955e+00
     4.88281250000000e+00     3.15692169781446e+00
     2.44140625000000e+00     2.38888674462217e+00
     1.22070312500000e+00     3.76424622969248e+00
     6.10351562500000e-01     4.48611272550053e+00
     1.00000000000000e+04     6.73377583942165e+01
     5.00000000000000e+03     4.61917573144717e+01
     2.50000000000000e+03     3.93373044181513e+01
     1.25000000000000e+03     2.79284665111819e+01
     6.25000000000000e+02     1.70475527956232e+01
     3.12500000000000e+02     1.16290284521232e+01
     1.56250000000000e+02     8.74086362636621e+00
     7.81250000000000e+01     5.47466942072070e+00
     3.90625000000000e+01     3.36581285977047e+00
     1.95312500000000e+01     2.27120808663832e+00
     9.76562500000000e+00     1.65790381158854e+00
     4.88281250000000e+00     1.32108945440104e+00
     2.44140625000000e+00     1.10486395006403e+00
     1.22070312500000e+00     1.01612270775368e+00
     6.10351562500000e-01     9.79382804915678e-01
