                   lambda                   misfit
     1.00000000000000e+04     1.87887257491807e+01
     7.00000000000000e+03     1.78448515084603e+01
     4.90000000000000e+03     1.68206360241581e+01
     3.43000000000000e+03     1.57196193163365e+01
     2.40100000000000e+03     1.45560906577897e+01
     1.68070000000000e+03     1.33409930090670e+01
     1.17649000000000e+03     1.20890301884323e+01
     8.23543000000000e+02     1.08152336366391e+01
     5.76480100000000e+02     9.55298574904594e+00
     4.03536070000000e+02     8.34756912646521e+00
     2.82475249000000e+02     7.21254289664985e+00
     1.97732674300000e+02     6.17649222590447e+00
     1.38412872010000e+02     5.26072395677164e+00
     9.68890104069999e+01     4.46041042613448e+00
     6.78223072848999e+01     3.77091441550323e+00
     4.74756150994300e+01     3.19674117264162e+00
     3.32329305696010e+01     2.72887336466735e+00
     2.32630513987207e+01     2.35347676723498e+00
     1.62841359791045e+01     2.07284133143846e+00
     1.13988951853731e+01     1.82975649994211e+00
     7.97922662976119e+00     1.64451048399985e+00
     5.58545864083283e+00     1.52060876276111e+00
     3.90982104858298e+00     1.44516526180245e+00
     2.73687473400809e+00     1.39887114993543e+00
     1.91581231380566e+00     1.38035192446432e+00
     1.34106861966396e+00     1.37005585488708e+00
     3.90982104858298e+00     1.01950824025117e+00
     2.73687473400809e+00     8.95187171287302e-01
