                   lambda                   misfit
     1.00000000000000e+03     4.70164914765070e+02
     5.00000000000000e+02     3.54932716826878e+02
     2.50000000000000e+02     2.47752107218417e+02
     1.25000000000000e+02     1.59462597682178e+02
     6.25000000000000e+01     9.55784228299648e+01
     3.12500000000000e+01     5.44457211196073e+01
     1.56250000000000e+01     3.02316108492588e+01
     7.81250000000000e+00     1.70148544723478e+01
     3.90625000000000e+00     1.04662741592177e+01
     1.95312500000000e+00     7.06404654059224e+00
     9.76562500000000e-01     5.47652293676283e+00
     4.88281250000000e-01     4.97349554546006e+00
     2.44140625000000e-01     5.26084995994639e+00
     1.22070312500000e-01     6.71208166015664e+00
     1.00000000000000e+03     4.83737270188879e+02
     5.00000000000000e+02     3.67879512139185e+02
     2.50000000000000e+02     2.59563091911897e+02
     1.25000000000000e+02     1.69638285913087e+02
     6.25000000000000e+01     1.03855194481770e+02
     3.12500000000000e+01     6.09454133035296e+01
     1.56250000000000e+01     3.51769323154004e+01
     7.81250000000000e+00     2.05922506853013e+01
     3.90625000000000e+00     1.27387677881788e+01
     1.95312500000000e+00     8.06909619824545e+00
     9.76562500000000e-01     5.06982190078269e+00
     4.88281250000000e-01     3.37236900939620e+00
     2.44140625000000e-01     2.52413805320610e+00
     1.22070312500000e-01     2.03831987862102e+00
     6.10351562500000e-02     1.73411164129262e+00
     3.05175781250000e-02     1.53634003916169e+00
     1.52587890625000e-02     1.43289705405155e+00
     7.62939453125000e-03     1.42660422367578e+00
     3.81469726562500e-03     1.62946428138836e+00
     1.90734863281250e-03     2.18734249794084e+00
     1.00000000000000e+03     5.07929827428474e+02
     5.00000000000000e+02     3.88972075140835e+02
     2.50000000000000e+02     2.76704483402165e+02
     1.25000000000000e+02     1.82022045674598e+02
     6.25000000000000e+01     1.11154562426131e+02
     3.12500000000000e+01     6.40696620592082e+01
     1.56250000000000e+01     3.52419099957982e+01
     7.81250000000000e+00     1.98728568444701e+01
     3.90625000000000e+00     1.09757324029621e+01
     1.95312500000000e+00     5.76920529527494e+00
     9.76562500000000e-01     3.45338509797982e+00
     4.88281250000000e-01     2.35498218261439e+00
     2.44140625000000e-01     1.78377282057254e+00
     1.22070312500000e-01     1.69015560285312e+00
     6.10351562500000e-02     1.87741750049256e+00
     3.05175781250000e-02     1.52444841426485e+00
     1.52587890625000e-02     1.14368569685869e+00
     7.62939453125000e-03     1.05013153369352e+00
     3.81469726562500e-03     1.01581034439705e+00
     1.90734863281250e-03     1.00085442797805e+00
     9.53674316406250e-04     9.97796343537449e-01
