                   lambda                   misfit
     1.00000000000000e+08     3.75145444131412e+01
     6.00000000000000e+07     3.57802336206809e+01
     3.60000000000000e+07     3.40774877375514e+01
     2.16000000000000e+07     3.22883764111229e+01
     1.29600000000000e+07     3.04857713313351e+01
     7.77600000000000e+06     2.86251594778278e+01
     4.66560000000000e+06     2.68307694845214e+01
     2.79936000000000e+06     2.49000431842253e+01
     1.67961600000000e+06     2.29206840068124e+01
     1.00776960000000e+06     2.09234376623556e+01
     6.04661760000000e+05     1.93296523947296e+01
     3.62797056000000e+05     1.73126590774745e+01
     2.17678233600000e+05     1.53223373818521e+01
     1.30606940160000e+05     1.33254763912775e+01
     7.83641640960000e+04     1.14889841671680e+01
     4.70184984576000e+04     1.02492994531603e+01
     2.82110990745600e+04     9.79302022680862e+00
     1.69266594447360e+04     1.07033589816463e+01
     1.01559956668416e+04     9.01374181117071e+00
     6.09359740010496e+03     8.76311669098401e+00
     3.65615844006298e+03     7.93143702155254e+00
     2.19369506403778e+03     7.85995697629388e+00
     1.31621703842267e+03     9.02914471583881e+00
     7.89730223053602e+02     7.90808986086720e+00
     4.73838133832161e+02     9.14296344862609e+00
     2.84302880299297e+02     8.73454036173772e+00
     1.70581728179578e+02     9.19361074620810e+00
     1.02349036907747e+02     8.02323235844295e+00
     6.14094221446481e+01     8.78474390510650e+00
     3.68456532867889e+01     9.93632068348595e+00
     1.01559956668416e+04     5.46018746799156e+00
     6.09359740010496e+03     3.86718039102741e+00
     3.65615844006298e+03     3.04648333292582e+00
     2.19369506403779e+03     2.39350255151492e+00
     1.31621703842267e+03     1.92013326169716e+00
     7.89730223053603e+02     1.57835804421528e+00
     4.73838133832162e+02     1.34818058454356e+00
     2.84302880299297e+02     1.19440859613735e+00
     1.70581728179578e+02     1.10964248055950e+00
     1.02349036907747e+02     1.06334110142422e+00
     6.14094221446481e+01     1.03739712186912e+00
     3.68456532867889e+01     1.02138665326653e+00
     2.21073919720733e+01     1.01094874284954e+00
     1.02349036907747e+02     1.03058683458210e+00
     6.14094221446481e+01     1.00088188167240e+00
     3.68456532867889e+01     9.91494707390736e-01
