                   lambda                   misfit
     1.00000000000000e+02     2.49683795766656e+01
     5.00000000000000e+01     1.46671446213200e+01
     2.50000000000000e+01     9.05093194062145e+00
     1.25000000000000e+01     7.11071411408620e+00
     6.25000000000000e+00     6.31775676903767e+00
     3.12500000000000e+00     6.48920088018173e+00
     1.56250000000000e+00     6.92804931945860e+00
     1.00000000000000e+02     2.50042190707767e+01
     5.00000000000000e+01     1.33341413186137e+01
     2.50000000000000e+01     7.08129264895717e+00
     1.25000000000000e+01     3.76120191727917e+00
     6.25000000000000e+00     2.15051121729962e+00
     3.12500000000000e+00     1.42635380111379e+00
     1.56250000000000e+00     1.12784057957924e+00
     7.81250000000000e-01     1.02477187623561e+00
     3.90625000000000e-01     9.41021926017257e-01
