                   lambda                   misfit
     1.00000000000000e+02     2.87692407293818e+01
     5.00000000000000e+01     1.75212827419702e+01
     2.50000000000000e+01     1.14498664653881e+01
     1.25000000000000e+01     7.38345341375600e+00
     6.25000000000000e+00     7.35141365062233e+00
     3.12500000000000e+00     2.08168919924572e+01
     1.56250000000000e+00     2.46576533376435e+01
     1.00000000000000e+02     9.19681952119029e+00
     5.00000000000000e+01     1.21937525046250e+01
     2.50000000000000e+01     1.03619894249720e+01
     1.25000000000000e+01     9.29862782211807e+00
     6.25000000000000e+00     8.89204143163965e+00
     3.12500000000000e+00     8.16543996392094e+00
     1.56250000000000e+00     8.28165268822725e+00
     7.81250000000000e-01     7.10539664736273e+00
     3.90625000000000e-01     2.19148461546366e+01
     1.95312500000000e-01     2.00252492668610e+01
     9.76562500000000e-02     1.21272224622816e+01
     4.88281250000000e-02     9.98038819440103e+00
     2.44140625000000e-02     9.78723570972124e+00
     1.22070312500000e-02     1.02435829419329e+01
     6.10351562500000e-03     1.12539580696648e+01
     1.00000000000000e+02     6.97865090220697e+00
     5.00000000000000e+01     5.44244371988301e+00
     2.50000000000000e+01     4.72297589115072e+00
     1.25000000000000e+01     4.20116639688353e+00
     6.25000000000000e+00     3.86295948556168e+00
     3.12500000000000e+00     3.30424381833792e+00
     1.56250000000000e+00     2.69469432187146e+00
     7.81250000000000e-01     2.26278838604218e+00
     3.90625000000000e-01     1.84329682890101e+00
     1.95312500000000e-01     1.48021783998930e+00
     9.76562500000000e-02     1.25410452817646e+00
     4.88281250000000e-02     1.15525031394898e+00
     2.44140625000000e-02     1.06405603784852e+00
     1.22070312500000e-02     1.12184910694532e+00
     6.10351562500000e-03     1.14991069916058e+00
     1.00000000000000e+02     5.97299183075004e+00
     5.00000000000000e+01     5.54931468774529e+00
     2.50000000000000e+01     4.49785969757022e+00
     1.25000000000000e+01     3.28704212758765e+00
     6.25000000000000e+00     2.68215422420680e+00
     3.12500000000000e+00     2.28209105549216e+00
     1.56250000000000e+00     1.72031944362900e+00
     7.81250000000000e-01     1.24212057971886e+00
     3.90625000000000e-01     1.05551645172726e+00
     1.95312500000000e-01     9.77998338136322e-01
