                   lambda                   misfit
     1.00000000000000e+04     2.22690788632801e+01
     5.00000000000000e+03     2.47222171495778e+01
     2.50000000000000e+03     2.24814112504214e+01
     1.25000000000000e+03     2.02124854536557e+01
     6.25000000000000e+02     1.65994046741835e+01
     3.12500000000000e+02     1.22176491464522e+01
     1.56250000000000e+02     8.37654681884979e+00
     7.81250000000000e+01     5.86254245476146e+00
     3.90625000000000e+01     4.15735975089980e+00
     1.95312500000000e+01     3.13651920387693e+00
     9.76562500000000e+00     2.54991769805625e+00
     4.88281250000000e+00     2.18948475046054e+00
     2.44140625000000e+00     1.99659566942455e+00
     1.22070312500000e+00     2.45579569526886e+00
     6.10351562500000e-01     2.76831973495643e+00
     1.00000000000000e+04     4.18593675797602e+01
     5.00000000000000e+03     2.59369530941919e+01
     2.50000000000000e+03     2.21558264116808e+01
     1.25000000000000e+03     1.92149900673713e+01
     6.25000000000000e+02     1.62870685328285e+01
     3.12500000000000e+02     1.34690149035653e+01
     1.56250000000000e+02     1.04757732439893e+01
     7.81250000000000e+01     6.94714993048155e+00
     3.90625000000000e+01     4.90516935326494e+00
     1.95312500000000e+01     3.81768425719231e+00
     9.76562500000000e+00     2.64002559901608e+00
     4.88281250000000e+00     1.73227818697511e+00
     2.44140625000000e+00     1.45275735624984e+00
     1.22070312500000e+00     1.42145775274501e+00
     6.10351562500000e-01     1.36428222017102e+00
     3.05175781250000e-01     1.32356189469912e+00
     1.52587890625000e-01     1.28683684552380e+00
     7.62939453125000e-02     1.30957987432684e+00
     3.81469726562500e-02     1.30586279703370e+00
     1.00000000000000e+04     9.00513044838307e+01
     5.00000000000000e+03     2.98856186194556e+01
     2.50000000000000e+03     1.54152037270154e+01
     1.25000000000000e+03     1.28117781374776e+01
     6.25000000000000e+02     1.07056813876789e+01
     3.12500000000000e+02     8.02466200015877e+00
     1.56250000000000e+02     5.70124634850249e+00
     7.81250000000000e+01     4.59678961783220e+00
     3.90625000000000e+01     3.79156878744746e+00
     1.95312500000000e+01     3.08379250004068e+00
     9.76562500000000e+00     2.38249092803242e+00
     4.88281250000000e+00     1.84146112095261e+00
     2.44140625000000e+00     1.37292850461717e+00
     1.22070312500000e+00     1.17451206786684e+00
     6.10351562500000e-01     1.08143086571000e+00
     3.05175781250000e-01     1.05254768208857e+00
     1.52587890625000e-01     1.03320041062637e+00
     7.62939453125000e-02     1.01803995388705e+00
     1.00000000000000e+04     7.37431799821414e+01
     5.00000000000000e+03     2.34841825067112e+01
     2.50000000000000e+03     1.10675120280032e+01
     1.25000000000000e+03     9.69621504004357e+00
     6.25000000000000e+02     8.35679525151149e+00
     3.12500000000000e+02     6.66840496660167e+00
     1.56250000000000e+02     4.99619637644840e+00
     7.81250000000000e+01     3.80391496593053e+00
     3.90625000000000e+01     3.12662599499956e+00
     1.95312500000000e+01     2.68252515948129e+00
     9.76562500000000e+00     2.31466203403980e+00
     4.88281250000000e+00     1.89746001217055e+00
     2.44140625000000e+00     1.35422138763829e+00
     1.22070312500000e+00     1.09773396970329e+00
     6.10351562500000e-01     1.03285487644921e+00
     3.05175781250000e-01     9.96545039704675e-01
