#Number of observation points: 1681
#r	theta	phi

0              0              -0.1           
50             0              -0.1           
100            0              -0.1           
150            0              -0.1           
200            0              -0.1           
250            0              -0.1           
300            0              -0.1           
350            0              -0.1           
400            0              -0.1           
450            0              -0.1           
500            0              -0.1           
550            0              -0.1           
600            0              -0.1           
650            0              -0.1           
700            0              -0.1           
750            0              -0.1           
800            0              -0.1           
850            0              -0.1           
900            0              -0.1           
950            0              -0.1           
1000           0              -0.1           
1050           0              -0.1           
1100           0              -0.1           
1150           0              -0.1           
1200           0              -0.1           
1250           0              -0.1           
1300           0              -0.1           
1350           0              -0.1           
1400           0              -0.1           
1450           0              -0.1           
1500           0              -0.1           
1550           0              -0.1           
1600           0              -0.1           
1650           0              -0.1           
1700           0              -0.1           
1750           0              -0.1           
1800           0              -0.1           
1850           0              -0.1           
1900           0              -0.1           
1950           0              -0.1           
2000           0              -0.1           
0              50             -0.1           
50             50             -0.1           
100            50             -0.1           
150            50             -0.1           
200            50             -0.1           
250            50             -0.1           
300            50             -0.1           
350            50             -0.1           
400            50             -0.1           
450            50             -0.1           
500            50             -0.1           
550            50             -0.1           
600            50             -0.1           
650            50             -0.1           
700            50             -0.1           
750            50             -0.1           
800            50             -0.1           
850            50             -0.1           
900            50             -0.1           
950            50             -0.1           
1000           50             -0.1           
1050           50             -0.1           
1100           50             -0.1           
1150           50             -0.1           
1200           50             -0.1           
1250           50             -0.1           
1300           50             -0.1           
1350           50             -0.1           
1400           50             -0.1           
1450           50             -0.1           
1500           50             -0.1           
1550           50             -0.1           
1600           50             -0.1           
1650           50             -0.1           
1700           50             -0.1           
1750           50             -0.1           
1800           50             -0.1           
1850           50             -0.1           
1900           50             -0.1           
1950           50             -0.1           
2000           50             -0.1           
0              100            -0.1           
50             100            -0.1           
100            100            -0.1           
150            100            -0.1           
200            100            -0.1           
250            100            -0.1           
300            100            -0.1           
350            100            -0.1           
400            100            -0.1           
450            100            -0.1           
500            100            -0.1           
550            100            -0.1           
600            100            -0.1           
650            100            -0.1           
700            100            -0.1           
750            100            -0.1           
800            100            -0.1           
850            100            -0.1           
900            100            -0.1           
950            100            -0.1           
1000           100            -0.1           
1050           100            -0.1           
1100           100            -0.1           
1150           100            -0.1           
1200           100            -0.1           
1250           100            -0.1           
1300           100            -0.1           
1350           100            -0.1           
1400           100            -0.1           
1450           100            -0.1           
1500           100            -0.1           
1550           100            -0.1           
1600           100            -0.1           
1650           100            -0.1           
1700           100            -0.1           
1750           100            -0.1           
1800           100            -0.1           
1850           100            -0.1           
1900           100            -0.1           
1950           100            -0.1           
2000           100            -0.1           
0              150            -0.1           
50             150            -0.1           
100            150            -0.1           
150            150            -0.1           
200            150            -0.1           
250            150            -0.1           
300            150            -0.1           
350            150            -0.1           
400            150            -0.1           
450            150            -0.1           
500            150            -0.1           
550            150            -0.1           
600            150            -0.1           
650            150            -0.1           
700            150            -0.1           
750            150            -0.1           
800            150            -0.1           
850            150            -0.1           
900            150            -0.1           
950            150            -0.1           
1000           150            -0.1           
1050           150            -0.1           
1100           150            -0.1           
1150           150            -0.1           
1200           150            -0.1           
1250           150            -0.1           
1300           150            -0.1           
1350           150            -0.1           
1400           150            -0.1           
1450           150            -0.1           
1500           150            -0.1           
1550           150            -0.1           
1600           150            -0.1           
1650           150            -0.1           
1700           150            -0.1           
1750           150            -0.1           
1800           150            -0.1           
1850           150            -0.1           
1900           150            -0.1           
1950           150            -0.1           
2000           150            -0.1           
0              200            -0.1           
50             200            -0.1           
100            200            -0.1           
150            200            -0.1           
200            200            -0.1           
250            200            -0.1           
300            200            -0.1           
350            200            -0.1           
400            200            -0.1           
450            200            -0.1           
500            200            -0.1           
550            200            -0.1           
600            200            -0.1           
650            200            -0.1           
700            200            -0.1           
750            200            -0.1           
800            200            -0.1           
850            200            -0.1           
900            200            -0.1           
950            200            -0.1           
1000           200            -0.1           
1050           200            -0.1           
1100           200            -0.1           
1150           200            -0.1           
1200           200            -0.1           
1250           200            -0.1           
1300           200            -0.1           
1350           200            -0.1           
1400           200            -0.1           
1450           200            -0.1           
1500           200            -0.1           
1550           200            -0.1           
1600           200            -0.1           
1650           200            -0.1           
1700           200            -0.1           
1750           200            -0.1           
1800           200            -0.1           
1850           200            -0.1           
1900           200            -0.1           
1950           200            -0.1           
2000           200            -0.1           
0              250            -0.1           
50             250            -0.1           
100            250            -0.1           
150            250            -0.1           
200            250            -0.1           
250            250            -0.1           
300            250            -0.1           
350            250            -0.1           
400            250            -0.1           
450            250            -0.1           
500            250            -0.1           
550            250            -0.1           
600            250            -0.1           
650            250            -0.1           
700            250            -0.1           
750            250            -0.1           
800            250            -0.1           
850            250            -0.1           
900            250            -0.1           
950            250            -0.1           
1000           250            -0.1           
1050           250            -0.1           
1100           250            -0.1           
1150           250            -0.1           
1200           250            -0.1           
1250           250            -0.1           
1300           250            -0.1           
1350           250            -0.1           
1400           250            -0.1           
1450           250            -0.1           
1500           250            -0.1           
1550           250            -0.1           
1600           250            -0.1           
1650           250            -0.1           
1700           250            -0.1           
1750           250            -0.1           
1800           250            -0.1           
1850           250            -0.1           
1900           250            -0.1           
1950           250            -0.1           
2000           250            -0.1           
0              300            -0.1           
50             300            -0.1           
100            300            -0.1           
150            300            -0.1           
200            300            -0.1           
250            300            -0.1           
300            300            -0.1           
350            300            -0.1           
400            300            -0.1           
450            300            -0.1           
500            300            -0.1           
550            300            -0.1           
600            300            -0.1           
650            300            -0.1           
700            300            -0.1           
750            300            -0.1           
800            300            -0.1           
850            300            -0.1           
900            300            -0.1           
950            300            -0.1           
1000           300            -0.1           
1050           300            -0.1           
1100           300            -0.1           
1150           300            -0.1           
1200           300            -0.1           
1250           300            -0.1           
1300           300            -0.1           
1350           300            -0.1           
1400           300            -0.1           
1450           300            -0.1           
1500           300            -0.1           
1550           300            -0.1           
1600           300            -0.1           
1650           300            -0.1           
1700           300            -0.1           
1750           300            -0.1           
1800           300            -0.1           
1850           300            -0.1           
1900           300            -0.1           
1950           300            -0.1           
2000           300            -0.1           
0              350            -0.1           
50             350            -0.1           
100            350            -0.1           
150            350            -0.1           
200            350            -0.1           
250            350            -0.1           
300            350            -0.1           
350            350            -0.1           
400            350            -0.1           
450            350            -0.1           
500            350            -0.1           
550            350            -0.1           
600            350            -0.1           
650            350            -0.1           
700            350            -0.1           
750            350            -0.1           
800            350            -0.1           
850            350            -0.1           
900            350            -0.1           
950            350            -0.1           
1000           350            -0.1           
1050           350            -0.1           
1100           350            -0.1           
1150           350            -0.1           
1200           350            -0.1           
1250           350            -0.1           
1300           350            -0.1           
1350           350            -0.1           
1400           350            -0.1           
1450           350            -0.1           
1500           350            -0.1           
1550           350            -0.1           
1600           350            -0.1           
1650           350            -0.1           
1700           350            -0.1           
1750           350            -0.1           
1800           350            -0.1           
1850           350            -0.1           
1900           350            -0.1           
1950           350            -0.1           
2000           350            -0.1           
0              400            -0.1           
50             400            -0.1           
100            400            -0.1           
150            400            -0.1           
200            400            -0.1           
250            400            -0.1           
300            400            -0.1           
350            400            -0.1           
400            400            -0.1           
450            400            -0.1           
500            400            -0.1           
550            400            -0.1           
600            400            -0.1           
650            400            -0.1           
700            400            -0.1           
750            400            -0.1           
800            400            -0.1           
850            400            -0.1           
900            400            -0.1           
950            400            -0.1           
1000           400            -0.1           
1050           400            -0.1           
1100           400            -0.1           
1150           400            -0.1           
1200           400            -0.1           
1250           400            -0.1           
1300           400            -0.1           
1350           400            -0.1           
1400           400            -0.1           
1450           400            -0.1           
1500           400            -0.1           
1550           400            -0.1           
1600           400            -0.1           
1650           400            -0.1           
1700           400            -0.1           
1750           400            -0.1           
1800           400            -0.1           
1850           400            -0.1           
1900           400            -0.1           
1950           400            -0.1           
2000           400            -0.1           
0              450            -0.1           
50             450            -0.1           
100            450            -0.1           
150            450            -0.1           
200            450            -0.1           
250            450            -0.1           
300            450            -0.1           
350            450            -0.1           
400            450            -0.1           
450            450            -0.1           
500            450            -0.1           
550            450            -0.1           
600            450            -0.1           
650            450            -0.1           
700            450            -0.1           
750            450            -0.1           
800            450            -0.1           
850            450            -0.1           
900            450            -0.1           
950            450            -0.1           
1000           450            -0.1           
1050           450            -0.1           
1100           450            -0.1           
1150           450            -0.1           
1200           450            -0.1           
1250           450            -0.1           
1300           450            -0.1           
1350           450            -0.1           
1400           450            -0.1           
1450           450            -0.1           
1500           450            -0.1           
1550           450            -0.1           
1600           450            -0.1           
1650           450            -0.1           
1700           450            -0.1           
1750           450            -0.1           
1800           450            -0.1           
1850           450            -0.1           
1900           450            -0.1           
1950           450            -0.1           
2000           450            -0.1           
0              500            -0.1           
50             500            -0.1           
100            500            -0.1           
150            500            -0.1           
200            500            -0.1           
250            500            -0.1           
300            500            -0.1           
350            500            -0.1           
400            500            -0.1           
450            500            -0.1           
500            500            -0.1           
550            500            -0.1           
600            500            -0.1           
650            500            -0.1           
700            500            -0.1           
750            500            -0.1           
800            500            -0.1           
850            500            -0.1           
900            500            -0.1           
950            500            -0.1           
1000           500            -0.1           
1050           500            -0.1           
1100           500            -0.1           
1150           500            -0.1           
1200           500            -0.1           
1250           500            -0.1           
1300           500            -0.1           
1350           500            -0.1           
1400           500            -0.1           
1450           500            -0.1           
1500           500            -0.1           
1550           500            -0.1           
1600           500            -0.1           
1650           500            -0.1           
1700           500            -0.1           
1750           500            -0.1           
1800           500            -0.1           
1850           500            -0.1           
1900           500            -0.1           
1950           500            -0.1           
2000           500            -0.1           
0              550            -0.1           
50             550            -0.1           
100            550            -0.1           
150            550            -0.1           
200            550            -0.1           
250            550            -0.1           
300            550            -0.1           
350            550            -0.1           
400            550            -0.1           
450            550            -0.1           
500            550            -0.1           
550            550            -0.1           
600            550            -0.1           
650            550            -0.1           
700            550            -0.1           
750            550            -0.1           
800            550            -0.1           
850            550            -0.1           
900            550            -0.1           
950            550            -0.1           
1000           550            -0.1           
1050           550            -0.1           
1100           550            -0.1           
1150           550            -0.1           
1200           550            -0.1           
1250           550            -0.1           
1300           550            -0.1           
1350           550            -0.1           
1400           550            -0.1           
1450           550            -0.1           
1500           550            -0.1           
1550           550            -0.1           
1600           550            -0.1           
1650           550            -0.1           
1700           550            -0.1           
1750           550            -0.1           
1800           550            -0.1           
1850           550            -0.1           
1900           550            -0.1           
1950           550            -0.1           
2000           550            -0.1           
0              600            -0.1           
50             600            -0.1           
100            600            -0.1           
150            600            -0.1           
200            600            -0.1           
250            600            -0.1           
300            600            -0.1           
350            600            -0.1           
400            600            -0.1           
450            600            -0.1           
500            600            -0.1           
550            600            -0.1           
600            600            -0.1           
650            600            -0.1           
700            600            -0.1           
750            600            -0.1           
800            600            -0.1           
850            600            -0.1           
900            600            -0.1           
950            600            -0.1           
1000           600            -0.1           
1050           600            -0.1           
1100           600            -0.1           
1150           600            -0.1           
1200           600            -0.1           
1250           600            -0.1           
1300           600            -0.1           
1350           600            -0.1           
1400           600            -0.1           
1450           600            -0.1           
1500           600            -0.1           
1550           600            -0.1           
1600           600            -0.1           
1650           600            -0.1           
1700           600            -0.1           
1750           600            -0.1           
1800           600            -0.1           
1850           600            -0.1           
1900           600            -0.1           
1950           600            -0.1           
2000           600            -0.1           
0              650            -0.1           
50             650            -0.1           
100            650            -0.1           
150            650            -0.1           
200            650            -0.1           
250            650            -0.1           
300            650            -0.1           
350            650            -0.1           
400            650            -0.1           
450            650            -0.1           
500            650            -0.1           
550            650            -0.1           
600            650            -0.1           
650            650            -0.1           
700            650            -0.1           
750            650            -0.1           
800            650            -0.1           
850            650            -0.1           
900            650            -0.1           
950            650            -0.1           
1000           650            -0.1           
1050           650            -0.1           
1100           650            -0.1           
1150           650            -0.1           
1200           650            -0.1           
1250           650            -0.1           
1300           650            -0.1           
1350           650            -0.1           
1400           650            -0.1           
1450           650            -0.1           
1500           650            -0.1           
1550           650            -0.1           
1600           650            -0.1           
1650           650            -0.1           
1700           650            -0.1           
1750           650            -0.1           
1800           650            -0.1           
1850           650            -0.1           
1900           650            -0.1           
1950           650            -0.1           
2000           650            -0.1           
0              700            -0.1           
50             700            -0.1           
100            700            -0.1           
150            700            -0.1           
200            700            -0.1           
250            700            -0.1           
300            700            -0.1           
350            700            -0.1           
400            700            -0.1           
450            700            -0.1           
500            700            -0.1           
550            700            -0.1           
600            700            -0.1           
650            700            -0.1           
700            700            -0.1           
750            700            -0.1           
800            700            -0.1           
850            700            -0.1           
900            700            -0.1           
950            700            -0.1           
1000           700            -0.1           
1050           700            -0.1           
1100           700            -0.1           
1150           700            -0.1           
1200           700            -0.1           
1250           700            -0.1           
1300           700            -0.1           
1350           700            -0.1           
1400           700            -0.1           
1450           700            -0.1           
1500           700            -0.1           
1550           700            -0.1           
1600           700            -0.1           
1650           700            -0.1           
1700           700            -0.1           
1750           700            -0.1           
1800           700            -0.1           
1850           700            -0.1           
1900           700            -0.1           
1950           700            -0.1           
2000           700            -0.1           
0              750            -0.1           
50             750            -0.1           
100            750            -0.1           
150            750            -0.1           
200            750            -0.1           
250            750            -0.1           
300            750            -0.1           
350            750            -0.1           
400            750            -0.1           
450            750            -0.1           
500            750            -0.1           
550            750            -0.1           
600            750            -0.1           
650            750            -0.1           
700            750            -0.1           
750            750            -0.1           
800            750            -0.1           
850            750            -0.1           
900            750            -0.1           
950            750            -0.1           
1000           750            -0.1           
1050           750            -0.1           
1100           750            -0.1           
1150           750            -0.1           
1200           750            -0.1           
1250           750            -0.1           
1300           750            -0.1           
1350           750            -0.1           
1400           750            -0.1           
1450           750            -0.1           
1500           750            -0.1           
1550           750            -0.1           
1600           750            -0.1           
1650           750            -0.1           
1700           750            -0.1           
1750           750            -0.1           
1800           750            -0.1           
1850           750            -0.1           
1900           750            -0.1           
1950           750            -0.1           
2000           750            -0.1           
0              800            -0.1           
50             800            -0.1           
100            800            -0.1           
150            800            -0.1           
200            800            -0.1           
250            800            -0.1           
300            800            -0.1           
350            800            -0.1           
400            800            -0.1           
450            800            -0.1           
500            800            -0.1           
550            800            -0.1           
600            800            -0.1           
650            800            -0.1           
700            800            -0.1           
750            800            -0.1           
800            800            -0.1           
850            800            -0.1           
900            800            -0.1           
950            800            -0.1           
1000           800            -0.1           
1050           800            -0.1           
1100           800            -0.1           
1150           800            -0.1           
1200           800            -0.1           
1250           800            -0.1           
1300           800            -0.1           
1350           800            -0.1           
1400           800            -0.1           
1450           800            -0.1           
1500           800            -0.1           
1550           800            -0.1           
1600           800            -0.1           
1650           800            -0.1           
1700           800            -0.1           
1750           800            -0.1           
1800           800            -0.1           
1850           800            -0.1           
1900           800            -0.1           
1950           800            -0.1           
2000           800            -0.1           
0              850            -0.1           
50             850            -0.1           
100            850            -0.1           
150            850            -0.1           
200            850            -0.1           
250            850            -0.1           
300            850            -0.1           
350            850            -0.1           
400            850            -0.1           
450            850            -0.1           
500            850            -0.1           
550            850            -0.1           
600            850            -0.1           
650            850            -0.1           
700            850            -0.1           
750            850            -0.1           
800            850            -0.1           
850            850            -0.1           
900            850            -0.1           
950            850            -0.1           
1000           850            -0.1           
1050           850            -0.1           
1100           850            -0.1           
1150           850            -0.1           
1200           850            -0.1           
1250           850            -0.1           
1300           850            -0.1           
1350           850            -0.1           
1400           850            -0.1           
1450           850            -0.1           
1500           850            -0.1           
1550           850            -0.1           
1600           850            -0.1           
1650           850            -0.1           
1700           850            -0.1           
1750           850            -0.1           
1800           850            -0.1           
1850           850            -0.1           
1900           850            -0.1           
1950           850            -0.1           
2000           850            -0.1           
0              900            -0.1           
50             900            -0.1           
100            900            -0.1           
150            900            -0.1           
200            900            -0.1           
250            900            -0.1           
300            900            -0.1           
350            900            -0.1           
400            900            -0.1           
450            900            -0.1           
500            900            -0.1           
550            900            -0.1           
600            900            -0.1           
650            900            -0.1           
700            900            -0.1           
750            900            -0.1           
800            900            -0.1           
850            900            -0.1           
900            900            -0.1           
950            900            -0.1           
1000           900            -0.1           
1050           900            -0.1           
1100           900            -0.1           
1150           900            -0.1           
1200           900            -0.1           
1250           900            -0.1           
1300           900            -0.1           
1350           900            -0.1           
1400           900            -0.1           
1450           900            -0.1           
1500           900            -0.1           
1550           900            -0.1           
1600           900            -0.1           
1650           900            -0.1           
1700           900            -0.1           
1750           900            -0.1           
1800           900            -0.1           
1850           900            -0.1           
1900           900            -0.1           
1950           900            -0.1           
2000           900            -0.1           
0              950            -0.1           
50             950            -0.1           
100            950            -0.1           
150            950            -0.1           
200            950            -0.1           
250            950            -0.1           
300            950            -0.1           
350            950            -0.1           
400            950            -0.1           
450            950            -0.1           
500            950            -0.1           
550            950            -0.1           
600            950            -0.1           
650            950            -0.1           
700            950            -0.1           
750            950            -0.1           
800            950            -0.1           
850            950            -0.1           
900            950            -0.1           
950            950            -0.1           
1000           950            -0.1           
1050           950            -0.1           
1100           950            -0.1           
1150           950            -0.1           
1200           950            -0.1           
1250           950            -0.1           
1300           950            -0.1           
1350           950            -0.1           
1400           950            -0.1           
1450           950            -0.1           
1500           950            -0.1           
1550           950            -0.1           
1600           950            -0.1           
1650           950            -0.1           
1700           950            -0.1           
1750           950            -0.1           
1800           950            -0.1           
1850           950            -0.1           
1900           950            -0.1           
1950           950            -0.1           
2000           950            -0.1           
0              1000           -0.1           
50             1000           -0.1           
100            1000           -0.1           
150            1000           -0.1           
200            1000           -0.1           
250            1000           -0.1           
300            1000           -0.1           
350            1000           -0.1           
400            1000           -0.1           
450            1000           -0.1           
500            1000           -0.1           
550            1000           -0.1           
600            1000           -0.1           
650            1000           -0.1           
700            1000           -0.1           
750            1000           -0.1           
800            1000           -0.1           
850            1000           -0.1           
900            1000           -0.1           
950            1000           -0.1           
1000           1000           -0.1           
1050           1000           -0.1           
1100           1000           -0.1           
1150           1000           -0.1           
1200           1000           -0.1           
1250           1000           -0.1           
1300           1000           -0.1           
1350           1000           -0.1           
1400           1000           -0.1           
1450           1000           -0.1           
1500           1000           -0.1           
1550           1000           -0.1           
1600           1000           -0.1           
1650           1000           -0.1           
1700           1000           -0.1           
1750           1000           -0.1           
1800           1000           -0.1           
1850           1000           -0.1           
1900           1000           -0.1           
1950           1000           -0.1           
2000           1000           -0.1           
0              1050           -0.1           
50             1050           -0.1           
100            1050           -0.1           
150            1050           -0.1           
200            1050           -0.1           
250            1050           -0.1           
300            1050           -0.1           
350            1050           -0.1           
400            1050           -0.1           
450            1050           -0.1           
500            1050           -0.1           
550            1050           -0.1           
600            1050           -0.1           
650            1050           -0.1           
700            1050           -0.1           
750            1050           -0.1           
800            1050           -0.1           
850            1050           -0.1           
900            1050           -0.1           
950            1050           -0.1           
1000           1050           -0.1           
1050           1050           -0.1           
1100           1050           -0.1           
1150           1050           -0.1           
1200           1050           -0.1           
1250           1050           -0.1           
1300           1050           -0.1           
1350           1050           -0.1           
1400           1050           -0.1           
1450           1050           -0.1           
1500           1050           -0.1           
1550           1050           -0.1           
1600           1050           -0.1           
1650           1050           -0.1           
1700           1050           -0.1           
1750           1050           -0.1           
1800           1050           -0.1           
1850           1050           -0.1           
1900           1050           -0.1           
1950           1050           -0.1           
2000           1050           -0.1           
0              1100           -0.1           
50             1100           -0.1           
100            1100           -0.1           
150            1100           -0.1           
200            1100           -0.1           
250            1100           -0.1           
300            1100           -0.1           
350            1100           -0.1           
400            1100           -0.1           
450            1100           -0.1           
500            1100           -0.1           
550            1100           -0.1           
600            1100           -0.1           
650            1100           -0.1           
700            1100           -0.1           
750            1100           -0.1           
800            1100           -0.1           
850            1100           -0.1           
900            1100           -0.1           
950            1100           -0.1           
1000           1100           -0.1           
1050           1100           -0.1           
1100           1100           -0.1           
1150           1100           -0.1           
1200           1100           -0.1           
1250           1100           -0.1           
1300           1100           -0.1           
1350           1100           -0.1           
1400           1100           -0.1           
1450           1100           -0.1           
1500           1100           -0.1           
1550           1100           -0.1           
1600           1100           -0.1           
1650           1100           -0.1           
1700           1100           -0.1           
1750           1100           -0.1           
1800           1100           -0.1           
1850           1100           -0.1           
1900           1100           -0.1           
1950           1100           -0.1           
2000           1100           -0.1           
0              1150           -0.1           
50             1150           -0.1           
100            1150           -0.1           
150            1150           -0.1           
200            1150           -0.1           
250            1150           -0.1           
300            1150           -0.1           
350            1150           -0.1           
400            1150           -0.1           
450            1150           -0.1           
500            1150           -0.1           
550            1150           -0.1           
600            1150           -0.1           
650            1150           -0.1           
700            1150           -0.1           
750            1150           -0.1           
800            1150           -0.1           
850            1150           -0.1           
900            1150           -0.1           
950            1150           -0.1           
1000           1150           -0.1           
1050           1150           -0.1           
1100           1150           -0.1           
1150           1150           -0.1           
1200           1150           -0.1           
1250           1150           -0.1           
1300           1150           -0.1           
1350           1150           -0.1           
1400           1150           -0.1           
1450           1150           -0.1           
1500           1150           -0.1           
1550           1150           -0.1           
1600           1150           -0.1           
1650           1150           -0.1           
1700           1150           -0.1           
1750           1150           -0.1           
1800           1150           -0.1           
1850           1150           -0.1           
1900           1150           -0.1           
1950           1150           -0.1           
2000           1150           -0.1           
0              1200           -0.1           
50             1200           -0.1           
100            1200           -0.1           
150            1200           -0.1           
200            1200           -0.1           
250            1200           -0.1           
300            1200           -0.1           
350            1200           -0.1           
400            1200           -0.1           
450            1200           -0.1           
500            1200           -0.1           
550            1200           -0.1           
600            1200           -0.1           
650            1200           -0.1           
700            1200           -0.1           
750            1200           -0.1           
800            1200           -0.1           
850            1200           -0.1           
900            1200           -0.1           
950            1200           -0.1           
1000           1200           -0.1           
1050           1200           -0.1           
1100           1200           -0.1           
1150           1200           -0.1           
1200           1200           -0.1           
1250           1200           -0.1           
1300           1200           -0.1           
1350           1200           -0.1           
1400           1200           -0.1           
1450           1200           -0.1           
1500           1200           -0.1           
1550           1200           -0.1           
1600           1200           -0.1           
1650           1200           -0.1           
1700           1200           -0.1           
1750           1200           -0.1           
1800           1200           -0.1           
1850           1200           -0.1           
1900           1200           -0.1           
1950           1200           -0.1           
2000           1200           -0.1           
0              1250           -0.1           
50             1250           -0.1           
100            1250           -0.1           
150            1250           -0.1           
200            1250           -0.1           
250            1250           -0.1           
300            1250           -0.1           
350            1250           -0.1           
400            1250           -0.1           
450            1250           -0.1           
500            1250           -0.1           
550            1250           -0.1           
600            1250           -0.1           
650            1250           -0.1           
700            1250           -0.1           
750            1250           -0.1           
800            1250           -0.1           
850            1250           -0.1           
900            1250           -0.1           
950            1250           -0.1           
1000           1250           -0.1           
1050           1250           -0.1           
1100           1250           -0.1           
1150           1250           -0.1           
1200           1250           -0.1           
1250           1250           -0.1           
1300           1250           -0.1           
1350           1250           -0.1           
1400           1250           -0.1           
1450           1250           -0.1           
1500           1250           -0.1           
1550           1250           -0.1           
1600           1250           -0.1           
1650           1250           -0.1           
1700           1250           -0.1           
1750           1250           -0.1           
1800           1250           -0.1           
1850           1250           -0.1           
1900           1250           -0.1           
1950           1250           -0.1           
2000           1250           -0.1           
0              1300           -0.1           
50             1300           -0.1           
100            1300           -0.1           
150            1300           -0.1           
200            1300           -0.1           
250            1300           -0.1           
300            1300           -0.1           
350            1300           -0.1           
400            1300           -0.1           
450            1300           -0.1           
500            1300           -0.1           
550            1300           -0.1           
600            1300           -0.1           
650            1300           -0.1           
700            1300           -0.1           
750            1300           -0.1           
800            1300           -0.1           
850            1300           -0.1           
900            1300           -0.1           
950            1300           -0.1           
1000           1300           -0.1           
1050           1300           -0.1           
1100           1300           -0.1           
1150           1300           -0.1           
1200           1300           -0.1           
1250           1300           -0.1           
1300           1300           -0.1           
1350           1300           -0.1           
1400           1300           -0.1           
1450           1300           -0.1           
1500           1300           -0.1           
1550           1300           -0.1           
1600           1300           -0.1           
1650           1300           -0.1           
1700           1300           -0.1           
1750           1300           -0.1           
1800           1300           -0.1           
1850           1300           -0.1           
1900           1300           -0.1           
1950           1300           -0.1           
2000           1300           -0.1           
0              1350           -0.1           
50             1350           -0.1           
100            1350           -0.1           
150            1350           -0.1           
200            1350           -0.1           
250            1350           -0.1           
300            1350           -0.1           
350            1350           -0.1           
400            1350           -0.1           
450            1350           -0.1           
500            1350           -0.1           
550            1350           -0.1           
600            1350           -0.1           
650            1350           -0.1           
700            1350           -0.1           
750            1350           -0.1           
800            1350           -0.1           
850            1350           -0.1           
900            1350           -0.1           
950            1350           -0.1           
1000           1350           -0.1           
1050           1350           -0.1           
1100           1350           -0.1           
1150           1350           -0.1           
1200           1350           -0.1           
1250           1350           -0.1           
1300           1350           -0.1           
1350           1350           -0.1           
1400           1350           -0.1           
1450           1350           -0.1           
1500           1350           -0.1           
1550           1350           -0.1           
1600           1350           -0.1           
1650           1350           -0.1           
1700           1350           -0.1           
1750           1350           -0.1           
1800           1350           -0.1           
1850           1350           -0.1           
1900           1350           -0.1           
1950           1350           -0.1           
2000           1350           -0.1           
0              1400           -0.1           
50             1400           -0.1           
100            1400           -0.1           
150            1400           -0.1           
200            1400           -0.1           
250            1400           -0.1           
300            1400           -0.1           
350            1400           -0.1           
400            1400           -0.1           
450            1400           -0.1           
500            1400           -0.1           
550            1400           -0.1           
600            1400           -0.1           
650            1400           -0.1           
700            1400           -0.1           
750            1400           -0.1           
800            1400           -0.1           
850            1400           -0.1           
900            1400           -0.1           
950            1400           -0.1           
1000           1400           -0.1           
1050           1400           -0.1           
1100           1400           -0.1           
1150           1400           -0.1           
1200           1400           -0.1           
1250           1400           -0.1           
1300           1400           -0.1           
1350           1400           -0.1           
1400           1400           -0.1           
1450           1400           -0.1           
1500           1400           -0.1           
1550           1400           -0.1           
1600           1400           -0.1           
1650           1400           -0.1           
1700           1400           -0.1           
1750           1400           -0.1           
1800           1400           -0.1           
1850           1400           -0.1           
1900           1400           -0.1           
1950           1400           -0.1           
2000           1400           -0.1           
0              1450           -0.1           
50             1450           -0.1           
100            1450           -0.1           
150            1450           -0.1           
200            1450           -0.1           
250            1450           -0.1           
300            1450           -0.1           
350            1450           -0.1           
400            1450           -0.1           
450            1450           -0.1           
500            1450           -0.1           
550            1450           -0.1           
600            1450           -0.1           
650            1450           -0.1           
700            1450           -0.1           
750            1450           -0.1           
800            1450           -0.1           
850            1450           -0.1           
900            1450           -0.1           
950            1450           -0.1           
1000           1450           -0.1           
1050           1450           -0.1           
1100           1450           -0.1           
1150           1450           -0.1           
1200           1450           -0.1           
1250           1450           -0.1           
1300           1450           -0.1           
1350           1450           -0.1           
1400           1450           -0.1           
1450           1450           -0.1           
1500           1450           -0.1           
1550           1450           -0.1           
1600           1450           -0.1           
1650           1450           -0.1           
1700           1450           -0.1           
1750           1450           -0.1           
1800           1450           -0.1           
1850           1450           -0.1           
1900           1450           -0.1           
1950           1450           -0.1           
2000           1450           -0.1           
0              1500           -0.1           
50             1500           -0.1           
100            1500           -0.1           
150            1500           -0.1           
200            1500           -0.1           
250            1500           -0.1           
300            1500           -0.1           
350            1500           -0.1           
400            1500           -0.1           
450            1500           -0.1           
500            1500           -0.1           
550            1500           -0.1           
600            1500           -0.1           
650            1500           -0.1           
700            1500           -0.1           
750            1500           -0.1           
800            1500           -0.1           
850            1500           -0.1           
900            1500           -0.1           
950            1500           -0.1           
1000           1500           -0.1           
1050           1500           -0.1           
1100           1500           -0.1           
1150           1500           -0.1           
1200           1500           -0.1           
1250           1500           -0.1           
1300           1500           -0.1           
1350           1500           -0.1           
1400           1500           -0.1           
1450           1500           -0.1           
1500           1500           -0.1           
1550           1500           -0.1           
1600           1500           -0.1           
1650           1500           -0.1           
1700           1500           -0.1           
1750           1500           -0.1           
1800           1500           -0.1           
1850           1500           -0.1           
1900           1500           -0.1           
1950           1500           -0.1           
2000           1500           -0.1           
0              1550           -0.1           
50             1550           -0.1           
100            1550           -0.1           
150            1550           -0.1           
200            1550           -0.1           
250            1550           -0.1           
300            1550           -0.1           
350            1550           -0.1           
400            1550           -0.1           
450            1550           -0.1           
500            1550           -0.1           
550            1550           -0.1           
600            1550           -0.1           
650            1550           -0.1           
700            1550           -0.1           
750            1550           -0.1           
800            1550           -0.1           
850            1550           -0.1           
900            1550           -0.1           
950            1550           -0.1           
1000           1550           -0.1           
1050           1550           -0.1           
1100           1550           -0.1           
1150           1550           -0.1           
1200           1550           -0.1           
1250           1550           -0.1           
1300           1550           -0.1           
1350           1550           -0.1           
1400           1550           -0.1           
1450           1550           -0.1           
1500           1550           -0.1           
1550           1550           -0.1           
1600           1550           -0.1           
1650           1550           -0.1           
1700           1550           -0.1           
1750           1550           -0.1           
1800           1550           -0.1           
1850           1550           -0.1           
1900           1550           -0.1           
1950           1550           -0.1           
2000           1550           -0.1           
0              1600           -0.1           
50             1600           -0.1           
100            1600           -0.1           
150            1600           -0.1           
200            1600           -0.1           
250            1600           -0.1           
300            1600           -0.1           
350            1600           -0.1           
400            1600           -0.1           
450            1600           -0.1           
500            1600           -0.1           
550            1600           -0.1           
600            1600           -0.1           
650            1600           -0.1           
700            1600           -0.1           
750            1600           -0.1           
800            1600           -0.1           
850            1600           -0.1           
900            1600           -0.1           
950            1600           -0.1           
1000           1600           -0.1           
1050           1600           -0.1           
1100           1600           -0.1           
1150           1600           -0.1           
1200           1600           -0.1           
1250           1600           -0.1           
1300           1600           -0.1           
1350           1600           -0.1           
1400           1600           -0.1           
1450           1600           -0.1           
1500           1600           -0.1           
1550           1600           -0.1           
1600           1600           -0.1           
1650           1600           -0.1           
1700           1600           -0.1           
1750           1600           -0.1           
1800           1600           -0.1           
1850           1600           -0.1           
1900           1600           -0.1           
1950           1600           -0.1           
2000           1600           -0.1           
0              1650           -0.1           
50             1650           -0.1           
100            1650           -0.1           
150            1650           -0.1           
200            1650           -0.1           
250            1650           -0.1           
300            1650           -0.1           
350            1650           -0.1           
400            1650           -0.1           
450            1650           -0.1           
500            1650           -0.1           
550            1650           -0.1           
600            1650           -0.1           
650            1650           -0.1           
700            1650           -0.1           
750            1650           -0.1           
800            1650           -0.1           
850            1650           -0.1           
900            1650           -0.1           
950            1650           -0.1           
1000           1650           -0.1           
1050           1650           -0.1           
1100           1650           -0.1           
1150           1650           -0.1           
1200           1650           -0.1           
1250           1650           -0.1           
1300           1650           -0.1           
1350           1650           -0.1           
1400           1650           -0.1           
1450           1650           -0.1           
1500           1650           -0.1           
1550           1650           -0.1           
1600           1650           -0.1           
1650           1650           -0.1           
1700           1650           -0.1           
1750           1650           -0.1           
1800           1650           -0.1           
1850           1650           -0.1           
1900           1650           -0.1           
1950           1650           -0.1           
2000           1650           -0.1           
0              1700           -0.1           
50             1700           -0.1           
100            1700           -0.1           
150            1700           -0.1           
200            1700           -0.1           
250            1700           -0.1           
300            1700           -0.1           
350            1700           -0.1           
400            1700           -0.1           
450            1700           -0.1           
500            1700           -0.1           
550            1700           -0.1           
600            1700           -0.1           
650            1700           -0.1           
700            1700           -0.1           
750            1700           -0.1           
800            1700           -0.1           
850            1700           -0.1           
900            1700           -0.1           
950            1700           -0.1           
1000           1700           -0.1           
1050           1700           -0.1           
1100           1700           -0.1           
1150           1700           -0.1           
1200           1700           -0.1           
1250           1700           -0.1           
1300           1700           -0.1           
1350           1700           -0.1           
1400           1700           -0.1           
1450           1700           -0.1           
1500           1700           -0.1           
1550           1700           -0.1           
1600           1700           -0.1           
1650           1700           -0.1           
1700           1700           -0.1           
1750           1700           -0.1           
1800           1700           -0.1           
1850           1700           -0.1           
1900           1700           -0.1           
1950           1700           -0.1           
2000           1700           -0.1           
0              1750           -0.1           
50             1750           -0.1           
100            1750           -0.1           
150            1750           -0.1           
200            1750           -0.1           
250            1750           -0.1           
300            1750           -0.1           
350            1750           -0.1           
400            1750           -0.1           
450            1750           -0.1           
500            1750           -0.1           
550            1750           -0.1           
600            1750           -0.1           
650            1750           -0.1           
700            1750           -0.1           
750            1750           -0.1           
800            1750           -0.1           
850            1750           -0.1           
900            1750           -0.1           
950            1750           -0.1           
1000           1750           -0.1           
1050           1750           -0.1           
1100           1750           -0.1           
1150           1750           -0.1           
1200           1750           -0.1           
1250           1750           -0.1           
1300           1750           -0.1           
1350           1750           -0.1           
1400           1750           -0.1           
1450           1750           -0.1           
1500           1750           -0.1           
1550           1750           -0.1           
1600           1750           -0.1           
1650           1750           -0.1           
1700           1750           -0.1           
1750           1750           -0.1           
1800           1750           -0.1           
1850           1750           -0.1           
1900           1750           -0.1           
1950           1750           -0.1           
2000           1750           -0.1           
0              1800           -0.1           
50             1800           -0.1           
100            1800           -0.1           
150            1800           -0.1           
200            1800           -0.1           
250            1800           -0.1           
300            1800           -0.1           
350            1800           -0.1           
400            1800           -0.1           
450            1800           -0.1           
500            1800           -0.1           
550            1800           -0.1           
600            1800           -0.1           
650            1800           -0.1           
700            1800           -0.1           
750            1800           -0.1           
800            1800           -0.1           
850            1800           -0.1           
900            1800           -0.1           
950            1800           -0.1           
1000           1800           -0.1           
1050           1800           -0.1           
1100           1800           -0.1           
1150           1800           -0.1           
1200           1800           -0.1           
1250           1800           -0.1           
1300           1800           -0.1           
1350           1800           -0.1           
1400           1800           -0.1           
1450           1800           -0.1           
1500           1800           -0.1           
1550           1800           -0.1           
1600           1800           -0.1           
1650           1800           -0.1           
1700           1800           -0.1           
1750           1800           -0.1           
1800           1800           -0.1           
1850           1800           -0.1           
1900           1800           -0.1           
1950           1800           -0.1           
2000           1800           -0.1           
0              1850           -0.1           
50             1850           -0.1           
100            1850           -0.1           
150            1850           -0.1           
200            1850           -0.1           
250            1850           -0.1           
300            1850           -0.1           
350            1850           -0.1           
400            1850           -0.1           
450            1850           -0.1           
500            1850           -0.1           
550            1850           -0.1           
600            1850           -0.1           
650            1850           -0.1           
700            1850           -0.1           
750            1850           -0.1           
800            1850           -0.1           
850            1850           -0.1           
900            1850           -0.1           
950            1850           -0.1           
1000           1850           -0.1           
1050           1850           -0.1           
1100           1850           -0.1           
1150           1850           -0.1           
1200           1850           -0.1           
1250           1850           -0.1           
1300           1850           -0.1           
1350           1850           -0.1           
1400           1850           -0.1           
1450           1850           -0.1           
1500           1850           -0.1           
1550           1850           -0.1           
1600           1850           -0.1           
1650           1850           -0.1           
1700           1850           -0.1           
1750           1850           -0.1           
1800           1850           -0.1           
1850           1850           -0.1           
1900           1850           -0.1           
1950           1850           -0.1           
2000           1850           -0.1           
0              1900           -0.1           
50             1900           -0.1           
100            1900           -0.1           
150            1900           -0.1           
200            1900           -0.1           
250            1900           -0.1           
300            1900           -0.1           
350            1900           -0.1           
400            1900           -0.1           
450            1900           -0.1           
500            1900           -0.1           
550            1900           -0.1           
600            1900           -0.1           
650            1900           -0.1           
700            1900           -0.1           
750            1900           -0.1           
800            1900           -0.1           
850            1900           -0.1           
900            1900           -0.1           
950            1900           -0.1           
1000           1900           -0.1           
1050           1900           -0.1           
1100           1900           -0.1           
1150           1900           -0.1           
1200           1900           -0.1           
1250           1900           -0.1           
1300           1900           -0.1           
1350           1900           -0.1           
1400           1900           -0.1           
1450           1900           -0.1           
1500           1900           -0.1           
1550           1900           -0.1           
1600           1900           -0.1           
1650           1900           -0.1           
1700           1900           -0.1           
1750           1900           -0.1           
1800           1900           -0.1           
1850           1900           -0.1           
1900           1900           -0.1           
1950           1900           -0.1           
2000           1900           -0.1           
0              1950           -0.1           
50             1950           -0.1           
100            1950           -0.1           
150            1950           -0.1           
200            1950           