                   lambda                   misfit
     1.00000000000000e+02     5.27061434898786e+00
     6.00000000000000e+01     4.13953217858283e+00
     3.60000000000000e+01     3.22638353053353e+00
     2.16000000000000e+01     2.51557643618145e+00
     1.29600000000000e+01     2.03297349787192e+00
     7.77600000000000e+00     1.61931901399683e+00
     4.66560000000000e+00     1.33611950767426e+00
     2.79936000000000e+00     1.19820327624977e+00
     1.67961600000000e+00     1.07652912252230e+00
     1.00776960000000e+00     1.06082347762268e+00
     6.04661760000000e-01     1.06684900624557e+00
     4.66560000000000e+00     1.26729399589132e+00
     2.79936000000000e+00     1.00892508722895e+00
     1.67961600000000e+00     8.60326120895318e-01
