                   lambda                   misfit
     1.00000000000000e+02     2.42168046173038e+01
     5.00000000000000e+01     9.31797997546263e+00
     2.50000000000000e+01     5.30274731853479e+00
     1.25000000000000e+01     4.17628565531991e+00
     6.25000000000000e+00     4.10012215124748e+00
     3.12500000000000e+00     5.01008212862787e+00
     1.56250000000000e+00     5.61121347415694e+00
     1.00000000000000e+02     9.08474828712846e+00
     5.00000000000000e+01     5.73484685266187e+00
     2.50000000000000e+01     5.08021991969136e+00
     1.25000000000000e+01     4.41690646459294e+00
     6.25000000000000e+00     3.62934818090002e+00
     3.12500000000000e+00     3.10961535043148e+00
     1.56250000000000e+00     2.83049748598042e+00
     7.81250000000000e-01     2.20115897573393e+00
     3.90625000000000e-01     1.63694962019215e+00
     1.95312500000000e-01     1.47373375378834e+00
     9.76562500000000e-02     1.30586031321122e+00
     4.88281250000000e-02     1.22891302588685e+00
     2.44140625000000e-02     1.20694770669803e+00
     1.22070312500000e-02     1.18358297789074e+00
     1.00000000000000e+02     7.30148770384159e+00
     5.00000000000000e+01     4.25063041138032e+00
     2.50000000000000e+01     3.02529812385326e+00
     1.25000000000000e+01     2.43826483219952e+00
     6.25000000000000e+00     1.91508741082187e+00
     3.12500000000000e+00     1.58261407833440e+00
     1.56250000000000e+00     1.38586772331830e+00
     7.81250000000000e-01     1.17625829509355e+00
     3.90625000000000e-01     1.00561723840501e+00
     1.95312500000000e-01     9.51583622089341e-01
