                   lambda                   misfit
     1.00000000000000e+04     2.24421992231783e+01
     5.00000000000000e+03     3.28598315724033e+01
     2.50000000000000e+03     3.08812960120553e+01
     1.25000000000000e+03     2.79036163942236e+01
     6.25000000000000e+02     2.49390304989650e+01
     3.12500000000000e+02     2.24950983524530e+01
     1.56250000000000e+02     2.02412220362933e+01
     7.81250000000000e+01     1.81688212690170e+01
     3.90625000000000e+01     1.59764475792533e+01
     1.95312500000000e+01     1.30573895432751e+01
     9.76562500000000e+00     1.14850779283264e+01
     4.88281250000000e+00     9.65237908190545e+00
     2.44140625000000e+00     9.06137464084692e+00
     1.22070312500000e+00     7.73775447980969e+00
     6.10351562500000e-01     4.91461073647777e+00
     3.05175781250000e-01     3.88601860211056e+00
     1.52587890625000e-01     3.36425317266594e+00
     7.62939453125000e-02     2.34906454368894e+00
     3.81469726562500e-02     2.37197342420423e+00
     1.90734863281250e-02     2.46917204860178e+00
     1.00000000000000e+04     1.57568918604660e+01
     5.00000000000000e+03     6.05431616515215e+01
     2.50000000000000e+03     4.81522673518575e+01
     1.25000000000000e+03     4.02195897488068e+01
     6.25000000000000e+02     3.33673058322212e+01
     3.12500000000000e+02     2.61027385888159e+01
     1.56250000000000e+02     1.90619541084111e+01
     7.81250000000000e+01     1.27722336516965e+01
     3.90625000000000e+01     6.69635607353656e+00
     1.95312500000000e+01     3.64591490572909e+00
     9.76562500000000e+00     3.19378940554551e+00
     4.88281250000000e+00     3.20531527417712e+00
     2.44140625000000e+00     2.92111765634484e+00
     1.22070312500000e+00     2.67021123629741e+00
     6.10351562500000e-01     2.44726924832582e+00
     3.05175781250000e-01     2.32913779063988e+00
     1.52587890625000e-01     2.20584495165398e+00
     7.62939453125000e-02     2.07333678797766e+00
     3.81469726562500e-02     1.90045090691267e+00
     1.90734863281250e-02     1.69477039650388e+00
     9.53674316406250e-03     1.61568534819615e+00
     4.76837158203125e-03     1.50606296453687e+00
     2.38418579101562e-03     1.41350299636456e+00
     1.19209289550781e-03     1.39390831889673e+00
     5.96046447753906e-04     1.38656451208853e+00
     1.00000000000000e+04     1.83111299605650e+01
     5.00000000000000e+03     7.05126743027486e+01
     2.50000000000000e+03     5.73757290506298e+01
     1.25000000000000e+03     4.58433814834143e+01
     6.25000000000000e+02     3.42268282168201e+01
     3.12500000000000e+02     2.39201967634849e+01
     1.56250000000000e+02     1.70058630221783e+01
     7.81250000000000e+01     2.14612691927420e+01
     3.90625000000000e+01     1.51160299174468e+01
     1.95312500000000e+01     5.88238422112736e+00
     9.76562500000000e+00     1.13556283732918e+01
     4.88281250000000e+00     9.53765819126276e+00
     2.44140625000000e+00     7.49757916717066e+00
     1.22070312500000e+00     5.43531811180933e+00
     6.10351562500000e-01     1.57100174648667e+00
     3.05175781250000e-01     1.51673597041742e+00
     1.52587890625000e-01     1.44393452325417e+00
     7.62939453125000e-02     1.41849592064804e+00
     3.81469726562500e-02     1.40374647714121e+00
     1.00000000000000e+04     2.40575054461210e+01
     5.00000000000000e+03     1.77431636167119e+01
     2.50000000000000e+03     1.48925507858569e+02
     1.25000000000000e+03     1.01423312046358e+02
     6.25000000000000e+02     5.96855018559055e+01
     3.12500000000000e+02     4.08150601622377e+01
     1.56250000000000e+02     2.92863397744328e+01
     7.81250000000000e+01     2.18141872313224e+01
     3.90625000000000e+01     1.65191244798163e+01
     1.95312500000000e+01     6.60563522463714e+00
     9.76562500000000e+00     2.43471674672419e+00
     4.88281250000000e+00     2.13848743605452e+00
     2.44140625000000e+00     1.81035171381760e+00
     1.22070312500000e+00     1.71567548813748e+00
     6.10351562500000e-01     1.71020907465689e+00
     3.05175781250000e-01     1.54736739677214e+00
     1.52587890625000e-01     1.50920831805575e+00
     7.62939453125000e-02     1.46896673092796e+00
     3.81469726562500e-02     1.42514755457140e+00
     1.90734863281250e-02     1.35198496078730e+00
     9.53674316406250e-03     1.28475269839780e+00
     4.76837158203125e-03     1.17659114455732e+00
     2.38418579101562e-03     1.07166737883218e+00
     1.19209289550781e-03     9.82090208984066e-01
