                   lambda                   misfit
     1.00000000000000e+02     5.60845093622074e+01
     5.00000000000000e+01     3.87504695019663e+01
     2.50000000000000e+01     2.92766952186648e+01
     1.25000000000000e+01     2.41362063187478e+01
     6.25000000000000e+00     2.37233782065249e+01
     3.12500000000000e+00     2.59392550561113e+01
     1.56250000000000e+00     2.77730327379893e+01
     1.00000000000000e+02     4.93875153048325e+01
     5.00000000000000e+01     2.89098699242272e+01
     2.50000000000000e+01     1.72774136406958e+01
     1.25000000000000e+01     1.02564806718989e+01
     6.25000000000000e+00     6.57989659380888e+00
     3.12500000000000e+00     4.75853360287781e+00
     1.56250000000000e+00     4.31239775006708e+00
     7.81250000000000e-01     5.39599604225623e+00
     3.90625000000000e-01     7.91240126439842e+00
     1.00000000000000e+02     3.27067826776066e+01
     5.00000000000000e+01     1.91865875681820e+01
     2.50000000000000e+01     1.12735371660181e+01
     1.25000000000000e+01     7.22714973023406e+00
     6.25000000000000e+00     5.38641803812362e+00
     3.12500000000000e+00     4.38500748210968e+00
     1.56250000000000e+00     3.25873644450593e+00
     7.81250000000000e-01     2.77306338889151e+00
     3.90625000000000e-01     2.99422270594509e+00
     1.95312500000000e-01     3.69299409060909e+00
     1.00000000000000e+02     2.29732285815637e+01
     5.00000000000000e+01     1.25212897513599e+01
     2.50000000000000e+01     6.75459863939837e+00
     1.25000000000000e+01     3.93792602354885e+00
     6.25000000000000e+00     2.49620524518536e+00
     3.12500000000000e+00     1.57536242878539e+00
     1.56250000000000e+00     1.22905431553209e+00
     7.81250000000000e-01     1.06489290867851e+00
     3.90625000000000e-01     9.76371478330829e-01
