                   lambda                   misfit
     1.00000000000000e+02     7.43750321080511e+01
     5.00000000000000e+01     5.04832708772028e+01
     2.50000000000000e+01     3.76031512336769e+01
     1.25000000000000e+01     3.52429752236662e+01
     6.25000000000000e+00     3.87324857707824e+01
     3.12500000000000e+00     4.40413214868239e+01
     1.00000000000000e+02     7.41084187747287e+01
     5.00000000000000e+01     4.79809319175888e+01
     2.50000000000000e+01     3.12469240296456e+01
     1.25000000000000e+01     1.99550922873059e+01
     6.25000000000000e+00     1.25763382672311e+01
     3.12500000000000e+00     8.89544046436062e+00
     1.56250000000000e+00     7.48971828347584e+00
     7.81250000000000e-01     8.65031761704239e+00
     3.90625000000000e-01     1.29861682822915e+01
     1.00000000000000e+02     4.79654718614583e+01
     5.00000000000000e+01     2.49861469050234e+01
     2.50000000000000e+01     1.44294423419688e+01
     1.25000000000000e+01     9.17804530008897e+00
     6.25000000000000e+00     7.10215699962673e+00
     3.12500000000000e+00     7.07313215527518e+00
     1.56250000000000e+00     3.63694054392833e+00
     7.81250000000000e-01     2.78111469679501e+00
     3.90625000000000e-01     2.34365253856400e+00
     1.95312500000000e-01     2.76694776174320e+00
     9.76562500000000e-02     2.94723488706111e+00
     1.00000000000000e+02     4.92220980286557e+01
     5.00000000000000e+01     2.72918802454220e+01
     2.50000000000000e+01     1.57558391017216e+01
     1.25000000000000e+01     1.14123583686348e+01
     6.25000000000000e+00     9.44747489439364e+00
     3.12500000000000e+00     5.17638221186615e+00
     1.56250000000000e+00     2.56164232744010e+00
     7.81250000000000e-01     1.68177933361614e+00
     3.90625000000000e-01     1.35001400314474e+00
     1.95312500000000e-01     1.31087192679482e+00
     9.76562500000000e-02     1.34736566873063e+00
     4.88281250000000e-02     1.18777663394847e+00
     2.44140625000000e-02     1.05929035365685e+00
     1.22070312500000e-02     1.02778553842774e+00
     6.10351562500000e-03     1.02469373316822e+00
     3.05175781250000e-03     1.02455105176784e+00
     1.00000000000000e+02     5.26210079907891e+01
     5.00000000000000e+01     3.13770564184731e+01
     2.50000000000000e+01     1.96550226168584e+01
     1.25000000000000e+01     1.35556140303049e+01
     6.25000000000000e+00     9.31865655579954e+00
     3.12500000000000e+00     6.86983075433910e+00
     1.56250000000000e+00     5.91347681254789e+00
     7.81250000000000e-01     2.99383015964683e+00
     3.90625000000000e-01     1.55278796378984e+00
     1.95312500000000e-01     1.28044327036346e+00
     9.76562500000000e-02     1.26754270888099e+00
     4.88281250000000e-02     1.09419538723233e+00
     2.44140625000000e-02     9.36185875702089e-01
