0.000000000e+00 0.000000000e+00 -4.392996574111136e-01
5.000000000e+01 0.000000000e+00 -4.550755513087689e-01
1.000000000e+02 0.000000000e+00 -4.754234434237692e-01
1.500000000e+02 0.000000000e+00 -5.008124889821715e-01
2.000000000e+02 0.000000000e+00 -4.724368150157868e-01
2.500000000e+02 0.000000000e+00 -4.765947681539011e-01
3.000000000e+02 0.000000000e+00 -4.830546561579894e-01
3.500000000e+02 0.000000000e+00 -4.572946490134414e-01
4.000000000e+02 0.000000000e+00 -4.433157104643025e-01
4.500000000e+02 0.000000000e+00 -4.357243447553040e-01
5.000000000e+02 0.000000000e+00 -4.264262969549704e-01
5.500000000e+02 0.000000000e+00 -3.806386501573686e-01
6.000000000e+02 0.000000000e+00 -3.512519344270935e-01
6.500000000e+02 0.000000000e+00 -3.193083542719887e-01
7.000000000e+02 0.000000000e+00 -2.774491115071058e-01
7.500000000e+02 0.000000000e+00 -2.395900634255467e-01
8.000000000e+02 0.000000000e+00 -1.934305916037742e-01
8.500000000e+02 0.000000000e+00 -1.493323344896889e-01
9.000000000e+02 0.000000000e+00 -1.014224496073554e-01
9.500000000e+02 0.000000000e+00 -4.956838052639263e-02
1.000000000e+03 0.000000000e+00 4.330161111926105e-16
1.050000000e+03 0.000000000e+00 5.024989801358703e-02
1.100000000e+03 0.000000000e+00 1.028816771384745e-01
1.150000000e+03 0.000000000e+00 1.496026733965385e-01
1.200000000e+03 0.000000000e+00 1.960354142525178e-01
1.250000000e+03 0.000000000e+00 2.340495568717592e-01
1.300000000e+03 0.000000000e+00 2.825404920124305e-01
1.350000000e+03 0.000000000e+00 3.310070136702634e-01
1.400000000e+03 0.000000000e+00 3.589197353149376e-01
1.450000000e+03 0.000000000e+00 3.823668292646318e-01
1.500000000e+03 0.000000000e+00 4.046016014909969e-01
1.550000000e+03 0.000000000e+00 4.425291582637264e-01
1.600000000e+03 0.000000000e+00 4.461077517502315e-01
1.650000000e+03 0.000000000e+00 4.854855763152351e-01
1.700000000e+03 0.000000000e+00 4.720500180020910e-01
1.750000000e+03 0.000000000e+00 4.864549006753825e-01
1.800000000e+03 0.000000000e+00 4.886251991344602e-01
1.850000000e+03 0.000000000e+00 4.846407137076399e-01
1.900000000e+03 0.000000000e+00 4.755133326141650e-01
1.950000000e+03 0.000000000e+00 4.728660413980755e-01
2.000000000e+03 0.000000000e+00 4.574963557878285e-01
0.000000000e+00 5.000000000e+01 -4.919255187351184e-01
5.000000000e+01 5.000000000e+01 -5.241973600885629e-01
1.000000000e+02 5.000000000e+01 -5.043095443615073e-01
1.500000000e+02 5.000000000e+01 -5.213180538933290e-01
2.000000000e+02 5.000000000e+01 -5.231233213974622e-01
2.500000000e+02 5.000000000e+01 -5.198570166868610e-01
3.000000000e+02 5.000000000e+01 -5.126672903336285e-01
3.500000000e+02 5.000000000e+01 -4.936950928365212e-01
4.000000000e+02 5.000000000e+01 -5.071208194627744e-01
4.500000000e+02 5.000000000e+01 -4.785446148741863e-01
5.000000000e+02 5.000000000e+01 -4.435369700632124e-01
5.500000000e+02 5.000000000e+01 -4.243482117722334e-01
6.000000000e+02 5.000000000e+01 -3.896545482390780e-01
6.500000000e+02 5.000000000e+01 -3.418560248509321e-01
7.000000000e+02 5.000000000e+01 -2.991115121498105e-01
7.500000000e+02 5.000000000e+01 -2.579718470428760e-01
8.000000000e+02 5.000000000e+01 -2.142663134834331e-01
8.500000000e+02 5.000000000e+01 -1.602440492721915e-01
9.000000000e+02 5.000000000e+01 -1.086546868504279e-01
9.500000000e+02 5.000000000e+01 -5.435516713232418e-02
1.000000000e+03 5.000000000e+01 4.353308580368390e-16
1.050000000e+03 5.000000000e+01 5.361376592512542e-02
1.100000000e+03 5.000000000e+01 1.082247980234928e-01
1.150000000e+03 5.000000000e+01 1.593787901556537e-01
1.200000000e+03 5.000000000e+01 2.142953098646697e-01
1.250000000e+03 5.000000000e+01 2.595241329958295e-01
1.300000000e+03 5.000000000e+01 3.046879697188885e-01
1.350000000e+03 5.000000000e+01 3.311733938968145e-01
1.400000000e+03 5.000000000e+01 3.837391003414408e-01
1.450000000e+03 5.000000000e+01 4.256746902335903e-01
1.500000000e+03 5.000000000e+01 4.451136977883591e-01
1.550000000e+03 5.000000000e+01 4.675462276559255e-01
1.600000000e+03 5.000000000e+01 4.996815869111976e-01
1.650000000e+03 5.000000000e+01 5.180356324753710e-01
1.700000000e+03 5.000000000e+01 5.002199038641474e-01
1.750000000e+03 5.000000000e+01 5.214821011281170e-01
1.800000000e+03 5.000000000e+01 5.370799769585107e-01
1.850000000e+03 5.000000000e+01 5.014591909448791e-01
1.900000000e+03 5.000000000e+01 5.222574698699246e-01
1.950000000e+03 5.000000000e+01 4.860666024284567e-01
2.000000000e+03 5.000000000e+01 4.920724242192429e-01
0.000000000e+00 1.000000000e+02 -5.294367466842289e-01
5.000000000e+01 1.000000000e+02 -5.449954385827352e-01
1.000000000e+02 1.000000000e+02 -5.674680475291918e-01
1.500000000e+02 1.000000000e+02 -5.624842947658854e-01
2.000000000e+02 1.000000000e+02 -5.790169412671582e-01
2.500000000e+02 1.000000000e+02 -5.624912690594474e-01
3.000000000e+02 1.000000000e+02 -5.795833913866983e-01
3.500000000e+02 1.000000000e+02 -5.474906409614052e-01
4.000000000e+02 1.000000000e+02 -5.203034230630750e-01
4.500000000e+02 1.000000000e+02 -4.940549877038137e-01
5.000000000e+02 1.000000000e+02 -4.750543562833793e-01
5.500000000e+02 1.000000000e+02 -4.333697875565664e-01
6.000000000e+02 1.000000000e+02 -4.057268062922231e-01
6.500000000e+02 1.000000000e+02 -3.682668808259086e-01
7.000000000e+02 1.000000000e+02 -3.076370632618463e-01
7.500000000e+02 1.000000000e+02 -2.758634713804849e-01
8.000000000e+02 1.000000000e+02 -2.190683460687610e-01
8.500000000e+02 1.000000000e+02 -1.608954266586777e-01
9.000000000e+02 1.000000000e+02 -1.166414044024097e-01
9.500000000e+02 1.000000000e+02 -5.863076527717426e-02
1.000000000e+03 1.000000000e+02 2.349547105923370e-16
1.050000000e+03 1.000000000e+02 5.626680086114610e-02
1.100000000e+03 1.000000000e+02 1.131515257333387e-01
1.150000000e+03 1.000000000e+02 1.647967044495737e-01
1.200000000e+03 1.000000000e+02 2.192185416174776e-01
1.250000000e+03 1.000000000e+02 2.713545624646438e-01
1.300000000e+03 1.000000000e+02 3.172637454788669e-01
1.350000000e+03 1.000000000e+02 3.483780040990883e-01
1.400000000e+03 1.000000000e+02 3.928716395576738e-01
1.450000000e+03 1.000000000e+02 4.408158049876276e-01
1.500000000e+03 1.000000000e+02 4.712748642700239e-01
1.550000000e+03 1.000000000e+02 5.046046906778520e-01
1.600000000e+03 1.000000000e+02 5.112508752198075e-01
1.650000000e+03 1.000000000e+02 5.516730302615355e-01
1.700000000e+03 1.000000000e+02 5.831394828750204e-01
1.750000000e+03 1.000000000e+02 5.763302420935317e-01
1.800000000e+03 1.000000000e+02 5.490957062090722e-01
1.850000000e+03 1.000000000e+02 5.735599614417093e-01
1.900000000e+03 1.000000000e+02 5.528564011707967e-01
1.950000000e+03 1.000000000e+02 5.377096168861860e-01
2.000000000e+03 1.000000000e+02 5.236246394602313e-01
0.000000000e+00 1.500000000e+02 -5.664272515825608e-01
5.000000000e+01 1.500000000e+02 -5.982730330347430e-01
1.000000000e+02 1.500000000e+02 -5.978339707610127e-01
1.500000000e+02 1.500000000e+02 -5.970167823291953e-01
2.000000000e+02 1.500000000e+02 -5.883676069488271e-01
2.500000000e+02 1.500000000e+02 -6.033903877375472e-01
3.000000000e+02 1.500000000e+02 -5.913648232950450e-01
3.500000000e+02 1.500000000e+02 -5.948788598674771e-01
4.000000000e+02 1.500000000e+02 -5.625508291820774e-01
4.500000000e+02 1.500000000e+02 -5.433334989608392e-01
5.000000000e+02 1.500000000e+02 -5.021076300476141e-01
5.500000000e+02 1.500000000e+02 -4.535043321543891e-01
6.000000000e+02 1.500000000e+02 -4.197882538798776e-01
6.500000000e+02 1.500000000e+02 -3.614777398533702e-01
7.000000000e+02 1.500000000e+02 -3.195282745208075e-01
7.500000000e+02 1.500000000e+02 -2.698688606241254e-01
8.000000000e+02 1.500000000e+02 -2.210453427579252e-01
8.500000000e+02 1.500000000e+02 -1.704550946644658e-01
9.000000000e+02 1.500000000e+02 -1.121966962291736e-01
9.500000000e+02 1.500000000e+02 -5.435174961840962e-02
1.000000000e+03 1.500000000e+02 -1.534905809775755e-15
1.050000000e+03 1.500000000e+02 5.629774051686121e-02
1.100000000e+03 1.500000000e+02 1.089501597291503e-01
1.150000000e+03 1.500000000e+02 1.634228909449141e-01
1.200000000e+03 1.500000000e+02 2.226184940674796e-01
1.250000000e+03 1.500000000e+02 2.690063533707587e-01
1.300000000e+03 1.500000000e+02 3.147946744307033e-01
1.350000000e+03 1.500000000e+02 3.749953775692068e-01
1.400000000e+03 1.500000000e+02 3.960319971978962e-01
1.450000000e+03 1.500000000e+02 4.348934048635348e-01
1.500000000e+03 1.500000000e+02 4.797460508128482e-01
1.550000000e+03 1.500000000e+02 5.096389154565649e-01
1.600000000e+03 1.500000000e+02 5.567217278950274e-01
1.650000000e+03 1.500000000e+02 5.787064827009724e-01
1.700000000e+03 1.500000000e+02 5.869360824151051e-01
1.750000000e+03 1.500000000e+02 6.016216622356525e-01
1.800000000e+03 1.500000000e+02 6.106945730413837e-01
1.850000000e+03 1.500000000e+02 6.199659440327044e-01
1.900000000e+03 1.500000000e+02 6.073466321415268e-01
1.950000000e+03 1.500000000e+02 5.933328941308171e-01
2.000000000e+03 1.500000000e+02 5.860750818914082e-01
0.000000000e+00 2.000000000e+02 -6.167119545080145e-01
5.000000000e+01 2.000000000e+02 -6.509769083621113e-01
1.000000000e+02 2.000000000e+02 -6.421566557670676e-01
1.500000000e+02 2.000000000e+02 -6.407869588863894e-01
2.000000000e+02 2.000000000e+02 -6.517060178836696e-01
2.500000000e+02 2.000000000e+02 -6.132650297060709e-01
3.000000000e+02 2.000000000e+02 -6.031745948938870e-01
3.500000000e+02 2.000000000e+02 -6.052114948153920e-01
4.000000000e+02 2.000000000e+02 -5.675334507502714e-01
4.500000000e+02 2.000000000e+02 -5.148980115705742e-01
5.000000000e+02 2.000000000e+02 -4.763848320557216e-01
5.500000000e+02 2.000000000e+02 -4.405533513546276e-01
6.000000000e+02 2.000000000e+02 -3.889019577132015e-01
6.500000000e+02 2.000000000e+02 -3.438949628853553e-01
7.000000000e+02 2.000000000e+02 -2.933470332967860e-01
7.500000000e+02 2.000000000e+02 -2.481350904641298e-01
8.000000000e+02 2.000000000e+02 -1.960401659197843e-01
8.500000000e+02 2.000000000e+02 -1.509497211232994e-01
9.000000000e+02 2.000000000e+02 -9.977629610812160e-02
9.500000000e+02 2.000000000e+02 -5.017919654312490e-02
1.000000000e+03 2.000000000e+02 -3.872484331579326e-17
1.050000000e+03 2.000000000e+02 5.030310523015823e-02
1.100000000e+03 2.000000000e+02 1.038539753026559e-01
1.150000000e+03 2.000000000e+02 1.490031297510972e-01
1.200000000e+03 2.000000000e+02 2.081153992934148e-01
1.250000000e+03 2.000000000e+02 2.481404113880513e-01
1.300000000e+03 2.000000000e+02 2.987900485501112e-01
1.350000000e+03 2.000000000e+02 3.455876475454552e-01
1.400000000e+03 2.000000000e+02 3.897982932635087e-01
1.450000000e+03 2.000000000e+02 4.402575530796879e-01
1.500000000e+03 2.000000000e+02 4.918149603832033e-01
1.550000000e+03 2.000000000e+02 5.279878353248316e-01
1.600000000e+03 2.000000000e+02 5.464437728747182e-01
1.650000000e+03 2.000000000e+02 6.023830820739251e-01
1.700000000e+03 2.000000000e+02 6.181909215767514e-01
1.750000000e+03 2.000000000e+02 6.431633958854214e-01
1.800000000e+03 2.000000000e+02 6.335884421642967e-01
1.850000000e+03 2.000000000e+02 6.551291035171987e-01
1.900000000e+03 2.000000000e+02 6.399345752349536e-01
1.950000000e+03 2.000000000e+02 6.263861881016007e-01
2.000000000e+03 2.000000000e+02 6.312842461351242e-01
0.000000000e+00 2.500000000e+02 -6.519517025249860e-01
5.000000000e+01 2.500000000e+02 -7.032381491478733e-01
1.000000000e+02 2.500000000e+02 -6.643748227948392e-01
1.500000000e+02 2.500000000e+02 -6.463578137532273e-01
2.000000000e+02 2.500000000e+02 -6.873047116360185e-01
2.500000000e+02 2.500000000e+02 -6.282928949277025e-01
3.000000000e+02 2.500000000e+02 -6.122877592114307e-01
3.500000000e+02 2.500000000e+02 -5.647875268888075e-01
4.000000000e+02 2.500000000e+02 -5.266843800048203e-01
4.500000000e+02 2.500000000e+02 -4.937854220933132e-01
5.000000000e+02 2.500000000e+02 -4.257447008954837e-01
5.500000000e+02 2.500000000e+02 -3.719247698532249e-01
6.000000000e+02 2.500000000e+02 -3.494389869467949e-01
6.500000000e+02 2.500000000e+02 -2.822926252325422e-01
7.000000000e+02 2.500000000e+02 -2.354600315854855e-01
7.500000000e+02 2.500000000e+02 -1.922998546294593e-01
8.000000000e+02 2.500000000e+02 -1.599232352470327e-01
8.500000000e+02 2.500000000e+02 -1.107991447242606e-01
9.000000000e+02 2.500000000e+02 -7.457570482893024e-02
9.500000000e+02 2.500000000e+02 -3.692256478373512e-02
1.000000000e+03 2.500000000e+02 -8.299335198474393e-16
1.050000000e+03 2.500000000e+02 3.800758868301599e-02
1.100000000e+03 2.500000000e+02 7.602238221673747e-02
1.150000000e+03 2.500000000e+02 1.132603100548455e-01
1.200000000e+03 2.500000000e+02 1.550214455057669e-01
1.250000000e+03 2.500000000e+02 1.933742828626928e-01
1.300000000e+03 2.500000000e+02 2.258592258524508e-01
1.350000000e+03 2.500000000e+02 2.763292587684404e-01
1.400000000e+03 2.500000000e+02 3.370218487871556e-01
1.450000000e+03 2.500000000e+02 3.850245350982706e-01
1.500000000e+03 2.500000000e+02 4.255341045481720e-01
1.550000000e+03 2.500000000e+02 4.848351657483877e-01
1.600000000e+03 2.500000000e+02 5.421969048916742e-01
1.650000000e+03 2.500000000e+02 5.768340537129525e-01
1.700000000e+03 2.500000000e+02 6.039138080697746e-01
1.750000000e+03 2.500000000e+02 6.607350379793987e-01
1.800000000e+03 2.500000000e+02 6.685696284402077e-01
1.850000000e+03 2.500000000e+02 6.955401593752175e-01
1.900000000e+03 2.500000000e+02 6.748211613862668e-01
1.950000000e+03 2.500000000e+02 6.780415137530541e-01
2.000000000e+03 2.500000000e+02 6.632673817286816e-01
0.000000000e+00 3.000000000e+02 -7.222115647834055e-01
5.000000000e+01 3.000000000e+02 -7.029621954462809e-01
1.000000000e+02 3.000000000e+02 -6.794936547160576e-01
1.500000000e+02 3.000000000e+02 -6.944271725409827e-01
2.000000000e+02 3.000000000e+02 -6.841333591679627e-01
2.500000000e+02 3.000000000e+02 -6.271551660018343e-01
3.000000000e+02 3.000000000e+02 -5.593798433122926e-01
3.500000000e+02 3.000000000e+02 -5.202583863919018e-01
4.000000000e+02 3.000000000e+02 -4.754316592975504e-01
4.500000000e+02 3.000000000e+02 -3.758611697805102e-01
5.000000000e+02 3.000000000e+02 -3.191701949851939e-01
5.500000000e+02 3.000000000e+02 -2.497100554300436e-01
6.000000000e+02 3.000000000e+02 -2.008468151818730e-01
6.500000000e+02 3.000000000e+02 -1.495765035690198e-01
7.000000000e+02 3.000000000e+02 -1.120928455142697e-01
7.500000000e+02 3.000000000e+02 -8.166541982340843e-02
8.000000000e+02 3.000000000e+02 -5.849360415303349e-02
8.500000000e+02 3.000000000e+02 -4.036069528424113e-02
9.000000000e+02 3.000000000e+02 -2.519741184989183e-02
9.500000000e+02 3.000000000e+02 -1.206963418759992e-02
1.000000000e+03 3.000000000e+02 -4.818183434489670e-16
1.050000000e+03 3.000000000e+02 1.256959267938135e-02
1.100000000e+03 3.000000000e+02 2.623551446832506e-02
1.150000000e+03 3.000000000e+02 4.052289623491791e-02
1.200000000e+03 3.000000000e+02 6.015097784492619e-02
1.250000000e+03 3.000000000e+02 8.286244192568487e-02
1.300000000e+03 3.000000000e+02 1.122637810959933e-01
1.350000000e+03 3.000000000e+02 1.511190771504498e-01
1.400000000e+03 3.000000000e+02 1.966944698677795e-01
1.450000000e+03 3.000000000e+02 2.511732725641803e-01
1.500000000e+03 3.000000000e+02 3.219239768891560e-01
1.550000000e+03 3.000000000e+02 3.748995020409908e-01
1.600000000e+03 3.000000000e+02 4.391768459509827e-01
1.650000000e+03 3.000000000e+02 5.257931774207038e-01
1.700000000e+03 3.000000000e+02 5.797381792675474e-01
1.750000000e+03 3.000000000e+02 6.341302350073359e-01
1.800000000e+03 3.000000000e+02 6.689252812391995e-01
1.850000000e+03 3.000000000e+02 7.052600489425651e-01
1.900000000e+03 3.000000000e+02 7.204810936545054e-01
1.950000000e+03 3.000000000e+02 7.111226441672174e-01
2.000000000e+03 3.000000000e+02 7.019097913888226e-01
0.000000000e+00 3.500000000e+02 -7.374317842276266e-01
5.000000000e+01 3.500000000e+02 -7.164853094308157e-01
1.000000000e+02 3.500000000e+02 -7.093020486722458e-01
1.500000000e+02 3.500000000e+02 -6.685259008416318e-01
2.000000000e+02 3.500000000e+02 -6.445826566812506e-01
2.500000000e+02 3.500000000e+02 -5.539976901841374e-01
3.000000000e+02 3.500000000e+02 -4.714104075859766e-01
3.500000000e+02 3.500000000e+02 -3.977949074726936e-01
4.000000000e+02 3.500000000e+02 -2.906123309475572e-01
4.500000000e+02 3.500000000e+02 -1.964526479213677e-01
5.000000000e+02 3.500000000e+02 -1.021501967014030e-01
5.500000000e+02 3.500000000e+02 -2.160924855754348e-02
6.000000000e+02 3.500000000e+02 4.046931551781968e-02
6.500000000e+02 3.500000000e+02 8.555033230462056e-02
7.000000000e+02 3.500000000e+02 1.096065160131582e-01
7.500000000e+02 3.500000000e+02 1.187224929160899e-01
8.000000000e+02 3.500000000e+02 1.092751445509667e-01
8.500000000e+02 3.500000000e+02 9.138805551376120e-02
9.000000000e+02 3.500000000e+02 6.185329216331341e-02
9.500000000e+02 3.500000000e+02 3.317073630362637e-02
1.000000000e+03 3.500000000e+02 -2.941814768902709e-16
1.050000000e+03 3.500000000e+02 -3.169269273134914e-02
1.100000000e+03 3.500000000e+02 -6.612868339202675e-02
1.150000000e+03 3.500000000e+02 -9.106964506325259e-02
1.200000000e+03 3.500000000e+02 -1.105334308297603e-01
1.250000000e+03 3.500000000e+02 -1.195025032804582e-01
1.300000000e+03 3.500000000e+02 -1.102959415504225e-01
1.350000000e+03 3.500000000e+02 -8.738015356626308e-02
1.400000000e+03 3.500000000e+02 -4.144708060421048e-02
1.450000000e+03 3.500000000e+02 2.145536655919289e-02
1.500000000e+03 3.500000000e+02 1.028771331857730e-01
1.550000000e+03 3.500000000e+02 1.901403884955130e-01
1.600000000e+03 3.500000000e+02 2.919423180685140e-01
1.650000000e+03 3.500000000e+02 3.994478899864143e-01
1.700000000e+03 3.500000000e+02 4.993855956076441e-01
1.750000000e+03 3.500000000e+02 5.679207703934739e-01
1.800000000e+03 3.500000000e+02 6.595625851154558e-01
1.850000000e+03 3.500000000e+02 6.953805451243850e-01
1.900000000e+03 3.500000000e+02 7.102667247531239e-01
1.950000000e+03 3.500000000e+02 7.283046078166302e-01
2.000000000e+03 3.500000000e+02 7.405054646648358e-01
0.000000000e+00 4.000000000e+02 -7.305630785457093e-01
5.000000000e+01 4.000000000e+02 -7.214329211848430e-01
1.000000000e+02 4.000000000e+02 -6.895542214068954e-01
1.500000000e+02 4.000000000e+02 -6.307615960651263e-01
2.000000000e+02 4.000000000e+02 -5.352409729260128e-01
2.500000000e+02 4.000000000e+02 -4.514330343794259e-01
3.000000000e+02 4.000000000e+02 -3.110837670738627e-01
3.500000000e+02 4.000000000e+02 -1.616789245878192e-01
4.000000000e+02 4.000000000e+02 -8.912409358095714e-03
4.500000000e+02 4.000000000e+02 1.375320216354573e-01
5.000000000e+02 4.000000000e+02 2.643994210383255e-01
5.500000000e+02 4.000000000e+02 3.958751989530243e-01
6.000000000e+02 4.000000000e+02 4.776182412980040e-01
6.500000000e+02 4.000000000e+02 5.159461812657143e-01
7.000000000e+02 4.000000000e+02 4.962195121053558e-01
7.500000000e+02 4.000000000e+02 4.552211185221632e-01
8.000000000e+02 4.000000000e+02 3.768753176458812e-01
8.500000000e+02 4.000000000e+02 3.088261212025443e-01
9.000000000e+02 4.000000000e+02 2.139685361840445e-01
9.500000000e+02 4.000000000e+02 1.037416862650624e-01
1.000000000e+03 4.000000000e+02 -3.251624099575867e-16
1.050000000e+03 4.000000000e+02 -1.077063225320545e-01
1.100000000e+03 4.000000000e+02 -2.137241340370932e-01
1.150000000e+03 4.000000000e+02 -3.033650778384450e-01
1.200000000e+03 4.000000000e+02 -4.014181787713612e-01
1.250000000e+03 4.000000000e+02 -4.476482811507622e-01
1.300000000e+03 4.000000000e+02 -4.964215284091874e-01
1.350000000e+03 4.000000000e+02 -5.146487270919128e-01
1.400000000e+03 4.000000000e+02 -4.595994361104597e-01
1.450000000e+03 4.000000000e+02 -3.968579027464634e-01
1.500000000e+03 4.000000000e+02 -2.712610311218550e-01
1.550000000e+03 4.000000000e+02 -1.401605494983257e-01
1.600000000e+03 4.000000000e+02 9.160399162326307e-03
1.650000000e+03 4.000000000e+02 1.625474936539558e-01
1.700000000e+03 4.000000000e+02 3.120966625898597e-01
1.750000000e+03 4.000000000e+02 4.343665064304661e-01
1.800000000e+03 4.000000000e+02 5.603274183664088e-01
1.850000000e+03 4.000000000e+02 6.201947210760376e-01
1.900000000e+03 4.000000000e+02 7.251875632243522e-01
1.950000000e+03 4.000000000e+02 7.205488039770861e-01
2.000000000e+03 4.000000000e+02 7.341543348945343e-01
0.000000000e+00 4.500000000e+02 -7.466266181614706e-01
5.000000000e+01 4.500000000e+02 -7.085556940625446e-01
1.000000000e+02 4.500000000e+02 -6.681207410820102e-01
1.500000000e+02 4.500000000e+02 -5.512320636345522e-01
2.000000000e+02 4.500000000e+02 -4.124602666342641e-01
2.500000000e+02 4.500000000e+02 -2.300482316693494e-01
3.000000000e+02 4.500000000e+02 -1.744751977879756e-02
3.500000000e+02 4.500000000e+02 2.139736764539856e-01
4.000000000e+02 4.500000000e+02 4.735210234385231e-01
4.500000000e+02 4.500000000e+02 6.974999686627356e-01
5.000000000e+02 4.500000000e+02 9.221051407244825e-01
5.500000000e+02 4.500000000e+02 1.062638032872779e+00
6.000000000e+02 4.500000000e+02 1.143008390431607e+00
6.500000000e+02 4.500000000e+02 1.172744881743006e+00
7.000000000e+02 4.500000000e+02 1.111658672468177e+00
7.500000000e+02 4.500000000e+02 1.039028667629609e+00
8.000000000e+02 4.500000000e+02 8.678086005699067e-01
8.500000000e+02 4.500000000e+02 6.914619209557283e-01
9.000000000e+02 4.500000000e+02 4.740595832993947e-01
9.500000000e+02 4.500000000e+02 2.327789417962174e-01
1.000000000e+03 4.500000000e+02 9.222264016919823e-16
1.050000000e+03 4.500000000e+02 -2.266710348777154e-01
1.100000000e+03 4.500000000e+02 -4.506452472474043e-01
1.150000000e+03 4.500000000e+02 -6.516739917791232e-01
1.200000000e+03 4.500000000e+02 -8.491433414944266e-01
1.250000000e+03 4.500000000e+02 -1.013100683917156e+00
1.300000000e+03 4.500000000e+02 -1.128483266069173e+00
1.350000000e+03 4.500000000e+02 -1.129705801998223e+00
1.400000000e+03 4.500000000e+02 -1.134400687515938e+00
1.450000000e+03 4.500000000e+02 -1.071992867680878e+00
1.500000000e+03 4.500000000e+02 -9.167679412519403e-01
1.550000000e+03 4.500000000e+02 -7.234361911180621e-01
1.600000000e+03 4.500000000e+02 -4.730275418679866e-01
1.650000000e+03 4.500000000e+02 -2.220795738453651e-01
1.700000000e+03 4.500000000e+02 1.722226079827847e-02
1.750000000e+03 4.500000000e+02 2.327220468355440e-01
1.800000000e+03 4.500000000e+02 4.060286971588026e-01
1.850000000e+03 4.500000000e+02 5.513871243764081e-01
1.900000000e+03 4.500000000e+02 6.610358501986484e-01
1.950000000e+03 4.500000000e+02 6.983077717190194e-01
2.000000000e+03 4.500000000e+02 7.619134167101231e-01
0.000000000e+00 5.000000000e+02 -7.458057576952983e-01
5.000000000e+01 5.000000000e+02 -6.747223129759689e-01
1.000000000e+02 5.000000000e+02 -5.578032428632872e-01
1.500000000e+02 5.000000000e+02 -3.966953802408121e-01
2.000000000e+02 5.000000000e+02 -1.757144512436027e-01
2.500000000e+02 5.000000000e+02 1.068533836562268e-01
3.000000000e+02 5.000000000e+02 4.663616226470899e-01
3.500000000e+02 5.000000000e+02 8.372538125662616e-01
4.000000000e+02 5.000000000e+02 1.233937177910135e+00
4.500000000e+02 5.000000000e+02 1.667305009957150e+00
5.000000000e+02 5.000000000e+02 1.848879376529170e+00
5.500000000e+02 5.000000000e+02 2.192655418706865e+00
6.000000000e+02 5.000000000e+02 2.265992111667073e+00
6.500000000e+02 5.000000000e+02 2.244729155700824e+00
7.000000000e+02 5.000000000e+02 2.098616634133651e+00
7.500000000e+02 5.000000000e+02 1.874687139396554e+00
8.000000000e+02 5.000000000e+02 1.541851926097245e+00
8.500000000e+02 5.000000000e+02 1.204466624740475e+00
9.000000000e+02 5.000000000e+02 8.418790982091703e-01
9.500000000e+02 5.000000000e+02 4.058618809341069e-01
1.000000000e+03 5.000000000e+02 -1.222447095869538e-16
1.050000000e+03 5.000000000e+02 -4.248396078831638e-01
1.100000000e+03 5.000000000e+02 -8.119903661352397e-01
1.150000000e+03 5.000000000e+02 -1.225259406797078e+00
1.200000000e+03 5.000000000e+02 -1.601279598027551e+00
1.250000000e+03 5.000000000e+02 -1.929220626122653e+00
1.300000000e+03 5.000000000e+02 -2.181353557448117e+00
1.350000000e+03 5.000000000e+02 -2.224928679772725e+00
1.400000000e+03 5.000000000e+02 -2.270355567828390e+00
1.450000000e+03 5.000000000e+02 -2.082662370868740e+00
1.500000000e+03 5.000000000e+02 -1.939979198928770e+00
1.550000000e+03 5.000000000e+02 -1.553226384133459e+00
1.600000000e+03 5.000000000e+02 -1.214560026688227e+00
1.650000000e+03 5.000000000e+02 -8.209361986167864e-01
1.700000000e+03 5.000000000e+02 -4.687810570693214e-01
1.750000000e+03 5.000000000e+02 -1.106807632931525e-01
1.800000000e+03 5.000000000e+02 1.821717865202216e-01
1.850000000e+03 5.000000000e+02 4.075350128344508e-01
1.900000000e+03 5.000000000e+02 5.590274350653008e-01
1.950000000e+03 5.000000000e+02 6.853796799763573e-01
2.000000000e+03 5.000000000e+02 7.610716406751953e-01
0.000000000e+00 5.500000000e+02 -7.224499656233916e-01
5.000000000e+01 5.500000000e+02 -5.871355605318853e-01
1.000000000e+02 5.500000000e+02 -4.365291808928904e-01
1.500000000e+02 5.500000000e+02 -1.798928502214939e-01
2.000000000e+02 5.500000000e+02 1.658681778647016e-01
2.500000000e+02 5.500000000e+02 5.913774215433880e-01
3.000000000e+02 5.500000000e+02 1.123415162687086e+00
3.500000000e+02 5.500000000e+02 1.747053102319236e+00
4.000000000e+02 5.500000000e+02 2.374730203960376e+00
4.500000000e+02 5.500000000e+02 3.082198969158107e+00
5.000000000e+02 5.500000000e+02 3.642412341131574e+00
5.500000000e+02 5.500000000e+02 3.942427334244957e+00
6.000000000e+02 5.500000000e+02 3.965470345354224e+00
6.500000000e+02 5.500000000e+02 3.902980163609569e+00
7.000000000e+02 5.500000000e+02 3.828989499928825e+00
7.500000000e+02 5.500000000e+02 3.333611876667765e+00
8.000000000e+02 5.500000000e+02 2.828840660607745e+00
8.500000000e+02 5.500000000e+02 2.132543570550149e+00
9.000000000e+02 5.500000000e+02 1.385347830480705e+00
9.500000000e+02 5.500000000e+02 6.900889190319902e-01
1.000000000e+03 5.500000000e+02 -6.780793914969976e-16
1.050000000e+03 5.500000000e+02 -6.833332702154401e-01
1.100000000e+03 5.500000000e+02 -1.423507986735314e+00
1.150000000e+03 5.500000000e+02 -2.105368152483066e+00
1.200000000e+03 5.500000000e+02 -2.811851723563559e+00
1.250000000e+03 5.500000000e+02 -3.236420791821198e+00
1.300000000e+03 5.500000000e+02 -3.657635154338541e+00
1.350000000e+03 5.500000000e+02 -4.125596403842563e+00
1.400000000e+03 5.500000000e+02 -4.216806444186207e+00
1.450000000e+03 5.500000000e+02 -3.877897119736435e+00
1.500000000e+03 5.500000000e+02 -3.611231937816995e+00
1.550000000e+03 5.500000000e+02 -3.060473134729357e+00
1.600000000e+03 5.500000000e+02 -2.482118092730733e+00
1.650000000e+03 5.500000000e+02 -1.785907235449975e+00
1.700000000e+03 5.500000000e+02 -1.209084281263451e+00
1.750000000e+03 5.500000000e+02 -6.281450964722245e-01
1.800000000e+03 5.500000000e+02 -1.743904334748441e-01
1.850000000e+03 5.500000000e+02 1.718574518231523e-01
1.900000000e+03 5.500000000e+02 4.361277714380574e-01
1.950000000e+03 5.500000000e+02 5.943124324255020e-01
2.000000000e+03 5.500000000e+02 7.156735830900289e-01
0.000000000e+00 6.000000000e+02 -6.523622516063438e-01
5.000000000e+01 6.000000000e+02 -4.812353607350962e-01
1.000000000e+02 6.000000000e+02 -2.384318667337721e-01
1.500000000e+02 6.000000000e+02 1.377158609530654e-01
2.000000000e+02 6.000000000e+02 6.639300948464391e-01
2.500000000e+02 6.000000000e+02 1.362450964951217e+00
3.000000000e+02 6.000000000e+02 2.237744950039570e+00
3.500000000e+02 6.000000000e+02 3.280655115147762e+00
4.000000000e+02 6.000000000e+02 4.249377349489613e+00
4.500000000e+02 6.000000000e+02 5.421568996163854e+00
5.000000000e+02 6.000000000e+02 6.294659083690664e+00
5.500000000e+02 6.000000000e+02 6.297252597507785e+00
6.000000000e+02 6.000000000e+02 6.896415471949741e+00
6.500000000e+02 6.000000000e+02 6.989559425333486e+00
7.000000000e+02 6.000000000e+02 6.386524571617778e+00
7.500000000e+02 6.000000000e+02 5.565182578066485e+00
8.000000000e+02 6.000000000e+02 4.648019872760350e+00
8.500000000e+02 6.000000000e+02 3.418440920336368e+00
9.000000000e+02 6.000000000e+02 2.243257794209338e+00
9.500000000e+02 6.000000000e+02 1.089476870923677e+00
1.000000000e+03 6.000000000e+02 -1.251175346123224e-16
1.050000000e+03 6.000000000e+02 -1.132128810986526e+00
1.100000000e+03 6.000000000e+02 -2.272658470967431e+00
1.150000000e+03 6.000000000e+02 -3.566503141707068e+00
1.200000000e+03 6.000000000e+02 -4.554582942753651e+00
1.250000000e+03 6.000000000e+02 -5.452871899500708e+00
1.300000000e+03 6.000000000e+02 -6.449806680952360e+00
1.350000000e+03 6.000000000e+02 -6.589140891108794e+00
1.400000000e+03 6.000000000e+02 -6.773162140969846e+00
1.450000000e+03 6.000000000e+02 -6.900230926866076e+00
1.500000000e+03 6.000000000e+02 -6.342302703870529e+00
1.550000000e+03 6.000000000e+02 -5.221208477650785e+00
1.600000000e+03 6.000000000e+02 -4.291995451649201e+00
1.650000000e+03 6.000000000e+02 -3.227665498661268e+00
1.700000000e+03 6.000000000e+02 -2.251844266220280e+00
1.750000000e+03 6.000000000e+02 -1.374680129463534e+00
1.800000000e+03 6.000000000e+02 -6.722235363727379e-01
1.850000000e+03 6.000000000e+02 -1.445101922807484e-01
1.900000000e+03 6.000000000e+02 2.312564449422708e-01
1.950000000e+03 6.000000000e+02 4.862849431367842e-01
2.000000000e+03 6.000000000e+02 6.402173373474032e-01
0.000000000e+00 6.500000000e+02 -5.573151690118633e-01
5.000000000e+01 6.500000000e+02 -3.383140854247496e-01
1.000000000e+02 6.500000000e+02 1.557255341950202e-02
1.500000000e+02 6.500000000e+02 5.516754073954989e-01
2.000000000e+02 6.500000000e+02 1.311721402096672e+00
2.500000000e+02 6.500000000e+02 2.381751920831910e+00
3.000000000e+02 6.500000000e+02 3.712450145757019e+00
3.500000000e+02 6.500000000e+02 5.405942701665820e+00
4.000000000e+02 6.500000000e+02 6.924795850174143e+00
4.500000000e+02 6.500000000e+02 8.573585826035824e+00
5.000000000e+02 6.500000000e+02 1.003651196697080e+01
5.500000000e+02 6.500000000e+02 1.115938537939782e+01
6.000000000e+02 6.500000000e+02 1.087710462786254e+01
6.500000000e+02 6.500000000e+02 1.095064468801907e+01
7.000000000e+02 6.500000000e+02 1.014449426759081e+01
7.500000000e+02 6.500000000e+02 8.893763155832602e+00
8.000000000e+02 6.500000000e+02 7.143451339197742e+00
8.500000000e+02 6.500000000e+02 5.228546629133840e+00
9.000000000e+02 6.500000000e+02 3.547564513717780e+00
9.500000000e+02 6.500000000e+02 1.730295639974430e+00
1.000000000e+03 6.500000000e+02 6.911613335126900e-16
1.050000000e+03 6.500000000e+02 -1.734578205149229e+00
1.100000000e+03 6.500000000e+02 -3.447391135461156e+00
1.150000000e+03 6.500000000e+02 -5.281360955244849e+00
1.200000000e+03 6.500000000e+02 -7.189339656824278e+00
1.250000000e+03 6.500000000e+02 -8.568562529771361e+00
1.300000000e+03 6.500000000e+02 -9.998306898297423e+00
1.350000000e+03 6.500000000e+02 -1.100804023602196e+01
1.400000000e+03 6.500000000e+02 -1.098564469059311e+01
1.450000000e+03 6.500000000e+02 -1.071644276137901e+01
1.500000000e+03 6.500000000e+02 -1.005591306696923e+01
1.550000000e+03 6.500000000e+02 -8.441539937064231e+00
1.600000000e+03 6.500000000e+02 -7.068233454038555e+00
1.650000000e+03 6.500000000e+02 -5.390574561012269e+00
1.700000000e+03 6.500000000e+02 -3.715985378798403e+00
1.750000000e+03 6.500000000e+02 -2.409492968554813e+00
1.800000000e+03 6.500000000e+02 -1.333358454334974e+00
1.850000000e+03 6.500000000e+02 -5.524979307772532e-01
1.900000000e+03 6.500000000e+02 -1.534713322314398e-02
1.950000000e+03 6.500000000e+02 3.346343653254448e-01
2.000000000e+03 6.500000000e+02 5.510152512067003e-01
0.000000000e+00 7.000000000e+02 -4.742024259796400e-01
5.000000000e+01 7.000000000e+02 -1.671202018911315e-01
1.000000000e+02 7.000000000e+02 3.324063851321865e-01
1.500000000e+02 7.000000000e+02 1.117766767588247e+00
2.000000000e+02 7.000000000e+02 2.097711232899883e+00
2.500000000e+02 7.000000000e+02 3.684959664642676e+00
3.000000000e+02 7.000000000e+02 5.516117206310363e+00
3.500000000e+02 7.000000000e+02 8.199512504015543e+00
4.000000000e+02 7.000000000e+02 1.069432029706700e+01
4.500000000e+02 7.000000000e+02 1.293078177697223e+01
5.000000000e+02 7.000000000e+02 1.575245803854096e+01
5.500000000e+02 7.000000000e+02 1.664444861914904e+01
6.000000000e+02 7.000000000e+02 1.716441835664197e+01
6.500000000e+02 7.000000000e+02 1.719017354237434e+01
7.000000000e+02 7.000000000e+02 1.588873073591649e+01
7.500000000e+02 7.000000000e+02 1.341316222484505e+01
8.000000000e+02 7.000000000e+02 1.101158998344318e+01
8.500000000e+02 7.000000000e+02 8.047676002924815e+00
9.000000000e+02 7.000000000e+02 5.198601755203865e+00
9.500000000e+02 7.000000000e+02 2.551408884990743e+00
1.000000000e+03 7.000000000e+02 -8.044713870023407e-16
1.050000000e+03 7.000000000e+02 -2.497454736612848e+00
1.100000000e+03 7.000000000e+02 -5.180256027076309e+00
1.150000000e+03 7.000000000e+02 -7.987361629547540e+00
1.200000000e+03 7.000000000e+02 -1.072451917049827e+01
1.250000000e+03 7.000000000e+02 -1.331842843342362e+01
1.300000000e+03 7.000000000e+02 -1.568716771709195e+01
1.350000000e+03 7.000000000e+02 -1.653831123678231e+01
1.400000000e+03 7.000000000e+02 -1.698684636257707e+01
1.450000000e+03 7.000000000e+02 -1.671451015531526e+01
1.500000000e+03 7.000000000e+02 -1.560333991660244e+01
1.550000000e+03 7.000000000e+02 -1.389231107509417e+01
1.600000000e+03 7.000000000e+02 -1.092345584662286e+01
1.650000000e+03 7.000000000e+02 -8.205064254597204e+00
1.700000000e+03 7.000000000e+02 -5.589133860323248e+00
1.750000000e+03 7.000000000e+02 -3.723546242667912e+00
1.800000000e+03 7.000000000e+02 -2.189618939154907e+00
1.850000000e+03 7.000000000e+02 -1.041967151463392e+00
1.900000000e+03 7.000000000e+02 -3.227477772672842e-01
1.950000000e+03 7.000000000e+02 1.722481052425756e-01
2.000000000e+03 7.000000000e+02 4.803461619119188e-01
0.000000000e+00 7.500000000e+02 -3.729968586120039e-01
5.000000000e+01 7.500000000e+02 2.409468270697912e-02
1.000000000e+02 7.500000000e+02 6.675268715849020e-01
1.500000000e+02 7.500000000e+02 1.661384647130714e+00
2.000000000e+02 7.500000000e+02 3.268574928785120e+00
2.500000000e+02 7.500000000e+02 5.221166351999002e+00
3.000000000e+02 7.500000000e+02 7.991757006572752e+00
3.500000000e+02 7.500000000e+02 1.170967751002597e+01
4.000000000e+02 7.500000000e+02 1.574841269940016e+01
4.500000000e+02 7.500000000e+02 1.993023612318622e+01
5.000000000e+02 7.500000000e+02 2.264645327985314e+01
5.500000000e+02 7.500000000e+02 2.515340514397800e+01
6.000000000e+02 7.500000000e+02 2.565309075704801e+01
6.500000000e+02 7.500000000e+02 2.538364254132239e+01
7.000000000e+02 7.500000000e+02 2.294150132559943e+01
7.500000000e+02 7.500000000e+02 1.998910202798804e+01
8.000000000e+02 7.500000000e+02 1.560619946468067e+01
8.500000000e+02 7.500000000e+02 1.144952292125770e+01
9.000000000e+02 7.500000000e+02 7.320463569423086e+00
9.500000000e+02 7.500000000e+02 3.364969931333098e+00
1.000000000e+03 7.500000000e+02 -4.755758541123657e-16
1.050000000e+03 7.500000000e+02 -3.535244711252423e+00
1.100000000e+03 7.500000000e+02 -7.320698982092301e+00
1.150000000e+03 7.500000000e+02 -1.119941223323397e+01
1.200000000e+03 7.500000000e+02 -1.609107169515157e+01
1.250000000e+03 7.500000000e+02 -1.954351986932429e+01
1.300000000e+03 7.500000000e+02 -2.270972875826297e+01
1.350000000e+03 7.500000000e+02 -2.487392177966222e+01
1.400000000e+03 7.500000000e+02 -2.513528568160459e+01
1.450000000e+03 7.500000000e+02 -2.521092584906663e+01
1.500000000e+03 7.500000000e+02 -2.325822002289694e+01
1.550000000e+03 7.500000000e+02 -1.933378661184073e+01
1.600000000e+03 7.500000000e+02 -1.589880201113302e+01
1.650000000e+03 7.500000000e+02 -1.141258051568720e+01
1.700000000e+03 7.500000000e+02 -8.179890449423310e+00
1.750000000e+03 7.500000000e+02 -5.271064478710459e+00
1.800000000e+03 7.500000000e+02 -3.123301033382146e+00
1.850000000e+03 7.500000000e+02 -1.606946591225771e+00
1.900000000e+03 7.500000000e+02 -6.390866872385168e-01
1.950000000e+03 7.500000000e+02 -2.356062181513841e-02
2.000000000e+03 7.500000000e+02 3.713242843030761e-01
0.000000000e+00 8.000000000e+02 -2.639728823732067e-01
5.000000000e+01 8.000000000e+02 2.293735948019503e-01
1.000000000e+02 8.000000000e+02 1.015563386459817e+00
1.500000000e+02 8.000000000e+02 2.241195943639420e+00
2.000000000e+02 8.000000000e+02 4.077633613319919e+00
2.500000000e+02 8.000000000e+02 6.661896348873602e+00
3.000000000e+02 8.000000000e+02 1.049187901961514e+01
3.500000000e+02 8.000000000e+02 1.588696577543165e+01
4.000000000e+02 8.000000000e+02 2.202047725069993e+01
4.500000000e+02 8.000000000e+02 2.713133550832073e+01
5.000000000e+02 8.000000000e+02 3.165900324040733e+01
5.500000000e+02 8.000000000e+02 3.467439296434279e+01
6.000000000e+02 8.000000000e+02 3.361010494001088e+01
6.500000000e+02 8.000000000e+02 3.387178491759012e+01
7.000000000e+02 8.000000000e+02 3.213462250707856e+01
7.500000000e+02 8.000000000e+02 2.656065849590049e+01
8.000000000e+02 8.000000000e+02 2.065633920459131e+01
8.500000000e+02 8.000000000e+02 1.496280477233704e+01
9.000000000e+02 8.000000000e+02 9.501548096402903e+00
9.500000000e+02 8.000000000e+02 4.478180090797795e+00
1.000000000e+03 8.000000000e+02 1.654136781028239e-16
1.050000000e+03 8.000000000e+02 -4.713655268711785e+00
1.100000000e+03 8.000000000e+02 -9.908566798179894e+00
1.150000000e+03 8.000000000e+02 -1.474748847293154e+01
1.200000000e+03 8.000000000e+02 -2.190951735082866e+01
1.250000000e+03 8.000000000e+02 -2.704538041599293e+01
1.300000000e+03 8.000000000e+02 -3.059959970671642e+01
1.350000000e+03 8.000000000e+02 -3.406506758579239e+01
1.400000000e+03 8.000000000e+02 -3.537029154902934e+01
1.450000000e+03 8.000000000e+02 -3.457802828556370e+01
1.500000000e+03 8.000000000e+02 -3.023351554706078e+01
1.550000000e+03 8.000000000e+02 -2.812903492019808e+01
1.600000000e+03 8.000000000e+02 -2.188952770301593e+01
1.650000000e+03 8.000000000e+02 -1.566529738220745e+01
1.700000000e+03 8.000000000e+02 -1.092717286441187e+01
1.750000000e+03 8.000000000e+02 -7.218345106402058e+00
1.800000000e+03 8.000000000e+02 -4.027614849940896e+00
1.850000000e+03 8.000000000e+02 -2.230680918083560e+00
1.900000000e+03 8.000000000e+02 -1.002198776079330e+00
1.950000000e+03 8.000000000e+02 -2.289256260725645e-01
2.000000000e+03 8.000000000e+02 2.641756009481789e-01
0.000000000e+00 8.500000000e+02 -1.636981177593570e-01
5.000000000e+01 8.500000000e+02 4.246591600779289e-01
1.000000000e+02 8.500000000e+02 1.310941222395150e+00
1.500000000e+02 8.500000000e+02 2.744965657609638e+00
2.000000000e+02 8.500000000e+02 5.140713034535669e+00
2.500000000e+02 8.500000000e+02 8.495561991554677e+00
3.000000000e+02 8.500000000e+02 1.296913310166441e+01
3.500000000e+02 8.500000000e+02 1.957869718236426e+01
4.000000000e+02 8.500000000e+02 2.693286786562349e+01
4.500000000e+02 8.500000000e+02 3.431948182485539e+01
5.000000000e+02 8.500000000e+02 4.017992613250188e+01
5.500000000e+02 8.500000000e+02 4.211314199925553e+01
6.000000000e+02 8.500000000e+02 4.292276864842930e+01
6.500000000e+02 8.500000000e+02 4.441337986503242e+01
7.000000000e+02 8.500000000e+02 4.106357058248317e+01
7.500000000e+02 8.500000000e+02 3.447375127903339e+01
8.000000000e+02 8.500000000e+02 2.712209745506113e+01
8.500000000e+02 8.500000000e+02 1.858177003830623e+01
9.000000000e+02 8.500000000e+02 1.139966511241827e+01
9.500000000e+02 8.500000000e+02 5.474289419961916e+00
1.000000000e+03 8.500000000e+02 1.312480663947511e-15
1.050000000e+03 8.500000000e+02 -5.518625779439128e+00
1.100000000e+03 8.500000000e+02 -1.160941466760931e+01
1.150000000e+03 8.500000000e+02 -1.894547520324659e+01
1.200000000e+03 8.500000000e+02 -2.731079780297813e+01
1.250000000e+03 8.500000000e+02 -3.332853164146680e+01
1.300000000e+03 8.500000000e+02 -3.970883921666599e+01
1.350000000e+03 8.500000000e+02 -4.469901443389972e+01
1.400000000e+03 8.500000000e+02 -4.530992023859871e+01
1.450000000e+03 8.500000000e+02 -4.402980063049272e+01
1.500000000e+03 8.500000000e+02 -4.061533713662861e+01
1.550000000e+03 8.500000000e+02 -3.445059763990644e+01
1.600000000e+03 8.500000000e+02 -2.598304920329033e+01
1.650000000e+03 8.500000000e+02 -1.988036185006171e+01
1.700000000e+03 8.500000000e+02 -1.359402567059494e+01
1.750000000e+03 8.500000000e+02 -8.652202817625911e+00
1.800000000e+03 8.500000000e+02 -5.115360424158895e+00
1.850000000e+03 8.500000000e+02 -2.780163471599446e+00
1.900000000e+03 8.500000000e+02 -1.350316745547645e+00
1.950000000e+03 8.500000000e+02 -4.078423972784535e-01
2.000000000e+03 8.500000000e+02 1.617022480576008e-01
0.000000000e+00 9.000000000e+02 -8.304440603082526e-02
5.000000000e+01 9.000000000e+02 5.596983617200950e-01
1.000000000e+02 9.000000000e+02 1.609658046121564e+00
1.500000000e+02 9.000000000e+02 3.276959015666978e+00
2.000000000e+02 9.000000000e+02 5.848833389601720e+00
2.500000000e+02 9.000000000e+02 9.491911899392813e+00
3.000000000e+02 9.000000000e+02 1.534677207120323e+01
3.500000000e+02 9.000000000e+02 2.265880017415424e+01
4.000000000e+02 9.000000000e+02 3.050620771933099e+01
4.500000000e+02 9.000000000e+02 3.988289913632884e+01
5.000000000e+02 9.000000000e+02 4.499583974048935e+01
5.500000000e+02 9.000000000e+02 4.956857047620102e+01
6.000000000e+02 9.000000000e+02 5.236647352916255e+01
6.500000000e+02 9.000000000e+02 4.966783978220266e+01
7.000000000e+02 9.000000000e+02 4.467043046225387e+01
7.500000000e+02 9.000000000e+02 3.961589844810745e+01
8.000000000e+02 9.000000000e+02 3.020441783319061e+01
8.500000000e+02 9.000000000e+02 2.201519616311318e+01
9.000000000e+02 9.000000000e+02 1.394199995097271e+01
9.500000000e+02 9.000000000e+02 6.398339219040146e+00
1.000000000e+03 9.000000000e+02 6.374469398200365e-16
1.050000000e+03 9.000000000e+02 -6.335027622541966e+00
1.100000000e+03 9.000000000e+02 -1.325013147041404e+01
1.150000000e+03 9.000000000e+02 -2.204418890033989e+01
1.200000000e+03 9.000000000e+02 -3.143967952969940e+01
1.250000000e+03 9.000000000e+02 -3.946070240394809e+01
1.300000000e+03 9.000000000e+02 -4.673144184933577e+01
1.350000000e+03 9.000000000e+02 -5.131208278345062e+01
1.400000000e+03 9.000000000e+02 -5.197906004303010e+01
1.450000000e+03 9.000000000e+02 -4.794186303365660e+01
1.500000000e+03 9.000000000e+02 -4.628067825124246e+01
1.550000000e+03 9.000000000e+02 -3.918944508995054e+01
1.600000000e+03 9.000000000e+02 -3.184286478272233e+01
1.650000000e+03 9.000000000e+02 -2.377053031786997e+01
1.700000000e+03 9.000000000e+02 -1.566994649989950e+01
1.750000000e+03 9.000000000e+02 -9.527318245389017e+00
1.800000000e+03 9.000000000e+02 -5.986769179820038e+00
1.850000000e+03 9.000000000e+02 -3.305285181617299e+00
1.900000000e+03 9.000000000e+02 -1.666306821420961e+00
1.950000000e+03 9.000000000e+02 -5.502321738137065e-01
2.000000000e+03 9.000000000e+02 8.355782025890789e-02
0.000000000e+00 9.500000000e+02 -2.713875528065312e-02
5.000000000e+01 9.500000000e+02 6.463419928959844e-01
1.000000000e+02 9.500000000e+02 1.727660547005347e+00
1.500000000e+02 9.500000000e+02 3.477146607436415e+00
2.000000000e+02 9.500000000e+02 6.180126394304773e+00
2.500000000e+02 9.500000000e+02 1.075947184533000e+01
3.000000000e+02 9.500000000e+02 1.637942379760875e+01
3.500000000e+02 9.500000000e+02 2.585017206317379e+01
4.000000000e+02 9.500000000e+02 3.343467600156836e+01
4.500000000e+02 9.500000000e+02 4.299901468014748e+01
5.000000000e+02 9.500000000e+02 5.098972949786403e+01
5.500000000e+02 9.500000000e+02 5.499223607109047e+01
6.000000000e+02 9.500000000e+02 5.750792619694687e+01
6.500000000e+02 9.500000000e+02 5.422948716864226e+01
7.000000000e+02 9.500000000e+02 5.175469866140460e+01
7.500000000e+02 9.500000000e+02 4.276833551211109e+01
8.000000000e+02 9.500000000e+02 3.404096705739202e+01
8.500000000e+02 9.500000000e+02 2.330724402470893e+01
9.000000000e+02 9.500000000e+02 1.413291099213155e+01
9.500000000e+02 9.500000000e+02 6.897100518212882e+00
1.000000000e+03 9.500000000e+02 2.427708387014136e-15
1.050000000e+03 9.500000000e+02 -6.877114352042433e+00
1.100000000e+03 9.500000000e+02 -1.454749855609737e+01
1.150000000e+03 9.500000000e+02 -2.332848110705066e+01
1.200000000e+03 9.500000000e+02 -3.482951476810800e+01
1.250000000e+03 9.500000000e+02 -4.227818762870848e+01
1.300000000e+03 9.500000000e+02 -5.032822304639002e+01
1.350000000e+03 9.500000000e+02 -5.482094170543078e+01
1.400000000e+03 9.500000000e+02 -5.814148977620303e+01
1.450000000e+03 9.500000000e+02 -5.452864226121782e+01
1.500000000e+03 9.500000000e+02 -5.125474894820767e+01
1.550000000e+03 9.500000000e+02 -4.294580335127152e+01
1.600000000e+03 9.500000000e+02 -3.279526705715824e+01
1.650000000e+03 9.500000000e+02 -2.508955956491467e+01
1.700000000e+03 9.500000000e+02 -1.676421502243524e+01
1.750000000e+03 9.500000000e+02 -1.056374608920365e+01
1.800000000e+03 9.500000000e+02 -6.369773085099202e+00
1.850000000e+03 9.500000000e+02 -3.542014796512078e+00
1.900000000e+03 9.500000000e+02 -1.760717074604959e+00
1.950000000e+03 9.500000000e+02 -6.524995706696767e-01
2.000000000e+03 9.500000000e+02 2.862120506998414e-02
0.000000000e+00 1.000000000e+03 -9.469339445227209e-03
5.000000000e+01 1.000000000e+03 7.017814395945022e-01
1.000000000e+02 1.000000000e+03 1.836951616238560e+00
1.500000000e+02 1.000000000e+03 3.587840648691622e+00
2.000000000e+02 1.000000000e+03 6.550305037435954e+00
2.500000000e+02 1.000000000e+03 1.073886410434814e+01
3.000000000e+02 1.000000000e+03 1.729010824030478e+01
3.500000000e+02 1.000000000e+03 2.560485702196152e+01
4.000000000e+02 1.000000000e+03 3.417659811063457e+01
4.500000000e+02 1.000000000e+03 4.497814214649745e+01
5.000000000e+02 1.000000000e+03 5.095684733442690e+01
5.500000000e+02 1.000000000e+03 5.644732489128187e+01
6.000000000e+02 1.000000000e+03 5.712344284561360e+01
6.500000000e+02 1.000000000e+03 5.364254271274226e+01
7.000000000e+02 1.000000000e+03 5.055950702653374e+01
7.500000000e+02 1.000000000e+03 4.363825046288630e+01
8.000000000e+02 1.000000000e+03 3.443129186645602e+01
8.500000000e+02 1.000000000e+03 2.408365953198388e+01
9.000000000e+02 1.000000000e+03 1.505500224131456e+01
9.500000000e+02 1.000000000e+03 7.287886655103181e+00
1.000000000e+03 1.000000000e+03 1.795475212151763e-15
1.050000000e+03 1.000000000e+03 -7.058743998041111e+00
1.100000000e+03 1.000000000e+03 -1.517447457175434e+01
1.150000000e+03 1.000000000e+03 -2.468972525041593e+01
1.200000000e+03 1.000000000e+03 -3.620654868471969e+01
1.250000000e+03 1.000000000e+03 -4.372719151236731e+01
1.300000000e+03 1.000000000e+03 -5.177178919898261e+01
1.350000000e+03 1.000000000e+03 -5.455984557271395e+01
1.400000000e+03 1.000000000e+03 -5.947169937966058e+01
1.450000000e+03 1.000000000e+03 -5.741329237636143e+01
1.500000000e+03 1.000000000e+03 -5.161545834166460e+01
1.550000000e+03 1.000000000e+03 -4.374541193035483e+01
1.600000000e+03 1.000000000e+03 -3.474740352295149e+01
1.650000000e+03 1.000000000e+03 -2.561355601973043e+01
1.700000000e+03 1.000000000e+03 -1.666954698901515e+01
1.750000000e+03 1.000000000e+03 -1.120541421919777e+01
1.800000000e+03 1.000000000e+03 -6.546653787293904e+00
1.850000000e+03 1.000000000e+03 -3.671428627825719e+00
1.900000000e+03 1.000000000e+03 -1.852235508326942e+00
1.950000000e+03 1.000000000e+03 -6.867357212836185e-01
2.000000000e+03 1.000000000e+03 9.195551338578418e-03
0.000000000e+00 1.050000000e+03 -2.745933160890070e-02
5.000000000e+01 1.050000000e+03 6.628857386178527e-01
1.000000000e+02 1.050000000e+03 1.777895078439010e+00
1.500000000e+02 1.050000000e+03 3.559937616047611e+00
2.000000000e+02 1.050000000e+03 6.500904623480620e+00
2.500000000e+02 1.050000000e+03 1.058195165042313e+01
3.000000000e+02 1.050000000e+03 1.665251892274061e+01
3.500000000e+02 1.050000000e+03 2.421059298300534e+01
4.000000000e+02 1.050000000e+03 3.488136406625986e+01
4.500000000e+02 1.050000000e+03 4.312552901927395e+01
5.000000000e+02 1.050000000e+03 4.882718617244557e+01
5.500000000e+02 1.050000000e+03 5.336440743877734e+01
6.000000000e+02 1.050000000e+03 5.561552715930292e+01
6.500000000e+02 1.050000000e+03 5.496797450418800e+01
7.000000000e+02 1.050000000e+03 5.174712903073755e+01
7.500000000e+02 1.050000000e+03 4.242122172575296e+01
8.000000000e+02 1.050000000e+03 3.493480744404779e+01
8.500000000e+02 1.050000000e+03 2.392207793180664e+01
9.000000000e+02 1.050000000e+03 1.478410160303932e+01
9.500000000e+02 1.050000000e+03 7.063894993277431e+00
1.000000000e+03 1.050000000e+03 5.591516283133850e-15
1.050000000e+03 1.050000000e+03 -6.743227436190226e+00
1.100000000e+03 1.050000000e+03 -1.512095623727430e+01
1.150000000e+03 1.050000000e+03 -2.383671923310745e+01
1.200000000e+03 1.050000000e+03 -3.422861631826962e+01
1.250000000e+03 1.050000000e+03 -4.229658323722539e+01
1.300000000e+03 1.050000000e+03 -5.092280591618538e+01
1.350000000e+03 1.050000000e+03 -5.583619275490408e+01
1.400000000e+03 1.050000000e+03 -5.673848756174350e+01
1.450000000e+03 1.050000000e+03 -5.417351246116944e+01
1.500000000e+03 1.050000000e+03 -5.112060404101933e+01
1.550000000e+03 1.050000000e+03 -4.188851410497210e+01
1.600000000e+03 1.050000000e+03 -3.507754644295934e+01
1.650000000e+03 1.050000000e+03 -2.494790306187660e+01
1.700000000e+03 1.050000000e+03 -1.643812581134754e+01
1.750000000e+03 1.050000000e+03 -1.073488503886183e+01
1.800000000e+03 1.050000000e+03 -6.438046805694833e+00
1.850000000e+03 1.050000000e+03 -3.452228731077902e+00
1.900000000e+03 1.050000000e+03 -1.827790802809332e+00
1.950000000e+03 1.050000000e+03 -6.566747317227357e-01
2.000000000e+03 1.050000000e+03 2.898914680880060e-02
0.000000000e+00 1.100000000e+03 -8.377857585981009e-02
5.000000000e+01 1.100000000e+03 5.644568601941018e-01
1.000000000e+02 1.100000000e+03 1.604117955279460e+00
1.500000000e+02 1.100000000e+03 3.276145449569187e+00
2.000000000e+02 1.100000000e+03 5.844967047783117e+00
2.500000000e+02 1.100000000e+03 9.735948580270506e+00
3.000000000e+02 1.100000000e+03 1.475017742586869e+01
3.500000000e+02 1.100000000e+03 2.278437476336794e+01
4.000000000e+02 1.100000000e+03 3.110348513735825e+01
4.500000000e+02 1.100000000e+03 4.012504060819219e+01
5.000000000e+02 1.100000000e+03 4.726262117724802e+01
5.500000000e+02 1.100000000e+03 5.187690664878312e+01
6.000000000e+02 1.100000000e+03 5.272324114451065e+01
6.500000000e+02 1.100000000e+03 5.005736973738806e+01
7.000000000e+02 1.100000000e+03 4.609177069390461e+01
7.500000000e+02 1.100000000e+03 3.911019813159287e+01
8.000000000e+02 1.100000000e+03 3.103155621123749e+01
8.500000000e+02 1.100000000e+03 2.168294611537618e+01
9.000000000e+02 1.100000000e+03 1.332150171057970e+01
9.500000000e+02 1.100000000e+03 6.332135857194654e+00
1.000000000e+03 1.100000000e+03 9.285118095436117e-15
1.050000000e+03 1.100000000e+03 -6.269471810836142e+00
1.100000000e+03 1.100000000e+03 -1.342597011790125e+01
1.150000000e+03 1.100000000e+03 -2.188489678538101e+01
1.200000000e+03 1.100000000e+03 -3.015841751689788e+01
1.250000000e+03 1.100000000e+03 -4.039019409952937e+01
1.300000000e+03 1.100000000e+03 -4.694286105551932e+01
1.350000000e+03 1.100000000e+03 -5.077728537201087e+01
1.400000000e+03 1.100000000e+03 -5.279550634282826e+01
1.450000000e+03 1.100000000e+03 -5.217109737505115e+01
1.500000000e+03 1.100000000e+03 -4.541552989649326e+01
1.550000000e+03 1.100000000e+03 -4.023139611895611e+01
1.600000000e+03 1.100000000e+03 -3.005583220470604e+01
1.650000000e+03 1.100000000e+03 -2.207864076608674e+01
1.700000000e+03 1.100000000e+03 -1.565930651036892e+01
1.750000000e+03 1.100000000e+03 -9.791710041447407e+00
1.800000000e+03 1.100000000e+03 -5.824407292521919e+00
1.850000000e+03 1.100000000e+03 -3.291342047438175e+00
1.900000000e+03 1.100000000e+03 -1.649663554955273e+00
1.950000000e+03 1.100000000e+03 -5.639474889310333e-01
2.000000000e+03 1.100000000e+03 8.038490021242180e-02
0.000000000e+00 1.150000000e+03 -1.634294525618853e-01
5.000000000e+01 1.150000000e+03 4.145033351014807e-01
1.000000000e+02 1.150000000e+03 1.333457565440370e+00
1.500000000e+02 1.150000000e+03 2.815207703192051e+00
2.000000000e+02 1.150000000e+03 5.027656934907357e+00
2.500000000e+02 1.150000000e+03 8.290574486248861e+00
3.000000000e+02 1.150000000e+03 1.326638852332000e+01
3.500000000e+02 1.150000000e+03 2.017216470762809e+01
4.000000000e+02 1.150000000e+03 2.717052641072602e+01
4.500000000e+02 1.150000000e+03 3.404971589935620e+01
5.000000000e+02 1.150000000e+03 4.021425322891876e+01
5.500000000e+02 1.150000000e+03 4.256898497856752e+01
6.000000000e+02 1.150000000e+03 4.421968423918162e+01
6.500000000e+02 1.150000000e+03 4.219423381512341e+01
7.000000000e+02 1.150000000e+03 3.981574008119310e+01
7.500000000e+02 1.150000000e+03 3.308846480360867e+01
8.000000000e+02 1.150000000e+03 2.736813679461636e+01
8.500000000e+02 1.150000000e+03 1.825623715692895e+01
9.000000000e+02 1.150000000e+03 1.182115992980066e+01
9.500000000e+02 1.150000000e+03 5.654460757531387e+00
1.000000000e+03 1.150000000e+03 3.605224948061658e-15
1.050000000e+03 1.150000000e+03 -5.485114038450254e+00
1.100000000e+03 1.150000000e+03 -1.146312446697157e+01
1.150000000e+03 1.150000000e+03 -1.888177622295459e+01
1.200000000e+03 1.150000000e+03 -2.701967825349872e+01
1.250000000e+03 1.150000000e+03 -3.321123481080944e+01
1.300000000e+03 1.150000000e+03 -3.991611447476557e+01
1.350000000e+03 1.150000000e+03 -4.381589206566729e+01
1.400000000e+03 1.150000000e+03 -4.304218984029480e+01
1.450000000e+03 1.150000000e+03 -4.296697674377861e+01
1.500000000e+03 1.150000000e+03 -3.963138418969810e+01
1.550000000e+03 1.150000000e+03 -3.421381685842289e+01
1.600000000e+03 1.150000000e+03 -2.743420919975883e+01
1.650000000e+03 1.150000000e+03 -1.987069083890403e+01
1.700000000e+03 1.150000000e+03 -1.357963482763402e+01
1.750000000e+03 1.150000000e+03 -8.407106677279922e+00
1.800000000e+03 1.150000000e+03 -4.960540903203614e+00
1.850000000e+03 1.150000000e+03 -2.836644456620425e+00
1.900000000e+03 1.150000000e+03 -1.317596809355901e+00
1.950000000e+03 1.150000000e+03 -4.132292570415025e-01
2.000000000e+03 1.150000000e+03 1.665222530952677e-01
0.000000000e+00 1.200000000e+03 -2.618697147486969e-01
5.000000000e+01 1.200000000e+03 2.273659661482028e-01
1.000000000e+02 1.200000000e+03 1.013938859428821e+00
1.500000000e+02 1.200000000e+03 2.282173321871948e+00
2.000000000e+02 1.200000000e+03 4.075222741564878e+00
2.500000000e+02 1.200000000e+03 6.771687957571666e+00
3.000000000e+02 1.200000000e+03 1.062126202052136e+01
3.500000000e+02 1.200000000e+03 1.617450441115034e+01
4.000000000e+02 1.200000000e+03 2.146580054347937e+01
4.500000000e+02 1.200000000e+03 2.650822927713779e+01
5.000000000e+02 1.200000000e+03 3.102924087303415e+01
5.500000000e+02 1.200000000e+03 3.511076946001233e+01
6.000000000e+02 1.200000000e+03 3.529056066369578e+01
6.500000000e+02 1.200000000e+03 3.391516678671483e+01
7.000000000e+02 1.200000000e+03 3.220399996656993e+01
7.500000000e+02 1.200000000e+03 2.739226812983552e+01
8.000000000e+02 1.200000000e+03 2.121088661333766e+01
8.500000000e+02 1.200000000e+03 1.474546988336832e+01
9.000000000e+02 1.200000000e+03 9.697393554416985e+00
9.500000000e+02 1.200000000e+03 4.481914484000209e+00
1.000000000e+03 1.200000000e+03 7.426248268309816e-16
1.050000000e+03 1.200000000e+03 -4.550853954169402e+00
1.100000000e+03 1.200000000e+03 -9.519021403945061e+00
1.150000000e+03 1.200000000e+03 -1.512293619588328e+01
1.200000000e+03 1.200000000e+03 -2.223299114416005e+01
1.250000000e+03 1.200000000e+03 -2.707726048413940e+01
1.300000000e+03 1.200000000e+03 -3.198285155923173e+01
1.350000000e+03 1.200000000e+03 -3.475688143514692e+01
1.400000000e+03 1.200000000e+03 -3.544591870809994e+01
1.450000000e+03 1.200000000e+03 -3.439262287378944e+01
1.500000000e+03 1.200000000e+03 -3.039256599162424e+01
1.550000000e+03 1.200000000e+03 -2.636789892241771e+01
1.600000000e+03 1.200000000e+03 -2.032134031674219e+01
1.650000000e+03 1.200000000e+03 -1.562647751945043e+01
1.700000000e+03 1.200000000e+03 -1.110977994174997e+01
1.750000000e+03 1.200000000e+03 -6.757224142654708e+00
1.800000000e+03 1.200000000e+03 -4.121428686436420e+00
1.850000000e+03 1.200000000e+03 -2.304829614945714e+00
1.900000000e+03 1.200000000e+03 -1.007644696620641e+00
1.950000000e+03 1.200000000e+03 -2.293132123263840e-01
2.000000000e+03 1.200000000e+03 2.652719336951171e-01
0.000000000e+00 1.250000000e+03 -3.738194722777416e-01
5.000000000e+01 1.250000000e+03 2.451400443375162e-02
1.000000000e+02 1.250000000e+03 6.642185842711500e-01
1.500000000e+02 1.250000000e+03 1.585323989298482e+00
2.000000000e+02 1.250000000e+03 3.050975894807427e+00
2.500000000e+02 1.250000000e+03 4.994551253530167e+00
3.000000000e+02 1.250000000e+03 8.024850313355257e+00
3.500000000e+02 1.250000000e+03 1.175445513465178e+01
4.000000000e+02 1.250000000e+03 1.543866014869788e+01
4.500000000e+02 1.250000000e+03 1.955236723843679e+01
5.000000000e+02 1.250000000e+03 2.293171275729093e+01
5.500000000e+02 1.250000000e+03 2.497530718476848e+01
6.000000000e+02 1.250000000e+03 2.573985657746219e+01
6.500000000e+02 1.250000000e+03 2.465168053893780e+01
7.000000000e+02 1.250000000e+03 2.216183644523220e+01
7.500000000e+02 1.250000000e+03 1.996001750381840e+01
8.000000000e+02 1.250000000e+03 1.568062078013071e+01
8.500000000e+02 1.250000000e+03 1.165089018309453e+01
9.000000000e+02 1.250000000e+03 6.923757457697824e+00
9.500000000e+02 1.250000000e+03 3.567612919502994e+00
1.000000000e+03 1.250000000e+03 2.974435359638577e-15
1.050000000e+03 1.250000000e+03 -3.482028880170376e+00
1.100000000e+03 1.250000000e+03 -7.137660206037188e+00
1.150000000e+03 1.250000000e+03 -1.185515299673882e+01
1.200000000e+03 1.250000000e+03 -1.565219297116136e+01
1.250000000e+03 1.250000000e+03 -2.032952486064109e+01
1.300000000e+03 1.250000000e+03 -2.352363491420028e+01
1.350000000e+03 1.250000000e+03 -2.471130122818417e+01
1.400000000e+03 1.250000000e+03 -2.593555638730339e+01
1.450000000e+03 1.250000000e+03 -2.572403066684971e+01
1.500000000e+03 1.250000000e+03 -2.349274263211124e+01
1.550000000e+03 1.250000000e+03 -1.969660397038068e+01
1.600000000e+03 1.250000000e+03 -1.623457407298208e+01
1.650000000e+03 1.250000000e+03 -1.166768885789683e+01
1.700000000e+03 1.250000000e+03 -8.135298240201477e+00
1.750000000e+03 1.250000000e+03 -5.138407080813602e+00
1.800000000e+03 1.250000000e+03 -3.197527871955031e+00
1.850000000e+03 1.250000000e+03 -1.669845652962245e+00
1.900000000e+03 1.250000000e+03 -6.694165757619880e-01
1.950000000e+03 1.250000000e+03 -2.382872372710427e-02
2.000000000e+03 1.250000000e+03 3.864906117611275e-01
0.000000000e+00 1.300000000e+03 -4.813016790336347e-01
5.000000000e+01 1.300000000e+03 -1.735119070863496e-01
1.000000000e+02 1.300000000e+03 3.252170112037013e-01
1.500000000e+02 1.300000000e+03 1.100405327204736e+00
2.000000000e+02 1.300000000e+03 2.046181362130056e+00
2.500000000e+02 1.300000000e+03 3.699447717448093e+00
3.000000000e+02 1.300000000e+03 5.530222372885660e+00
3.500000000e+02 1.300000000e+03 8.164833575511128e+00
4.000000000e+02 1.300000000e+03 1.069444895658134e+01
4.500000000e+02 1.300000000e+03 1.341422205791886e+01
5.000000000e+02 1.300000000e+03 1.570752389081883e+01
5.500000000e+02 1.300000000e+03 1.638652134439290e+01
6.000000000e+02 1.300000000e+03 1.722980414054118e+01
6.500000000e+02 1.300000000e+03 1.718101299805599e+01
7.000000000e+02 1.300000000e+03 1.560533209360888e+01
7.500000000e+02 1.300000000e+03 1.297625026111365e+01
8.000000000e+02 1.300000000e+03 1.110086895222935e+01
8.500000000e+02 1.300000000e+03 7.988249957756115e+00
9.000000000e+02 1.300000000e+03 5.083172189605794e+00
9.500000000e+02 1.300000000e+03 2.521743326558934e+00
1.000000000e+03 1.300000000e+03 1.816490184302518e-16
1.050000000e+03 1.300000000e+03 -2.506869479810102e+00
1.100000000e+03 1.300000000e+03 -5.220371808323131e+00
1.150000000e+03 1.300000000e+03 -8.122494919360324e+00
1.200000000e+03 1.300000000e+03 -1.105599788031629e+01
1.250000000e+03 1.300000000e+03 -1.369160050163352e+01
1.300000000e+03 1.300000000e+03 -1.592857713916693e+01
1.350000000e+03 1.300000000e+03 -1.661191468610870e+01
1.400000000e+03 1.300000000e+03 -1.787968367669177e+01
1.450000000e+03 1.300000000e+03 -1.669435531820913e+01
1.500000000e+03 1.300000000e+03 -1.576416300051662e+01
1.550000000e+03 1.300000000e+03 -1.389804551665161e+01
1.600000000e+03 1.300000000e+03 -1.067818764286044e+01
1.650000000e+03 1.300000000e+03 -8.200836411958139e+00
1.700000000e+03 1.300000000e+03 -5.620597032104903e+00
1.750000000e+03 1.300000000e+03 -3.576544108061979e+00
1.800000000e+03 1.300000000e+03 -2.054593975486793e+00
1.850000000e+03 1.300000000e+03 -1.044880036953837e+00
1.900000000e+03 1.300000000e+03 -3.161627182813421e-01
1.950000000e+03 1.300000000e+03 1.725404004269303e-01
2.000000000e+03 1.300000000e+03 4.915798881723967e-01
0.000000000e+00 1.350000000e+03 -5.530820267007190e-01
5.000000000e+01 1.350000000e+03 -3.384730862728702e-01
1.000000000e+02 1.350000000e+03 1.560450185993413e-02
1.500000000e+02 1.350000000e+03 5.444404726087108e-01
2.000000000e+02 1.350000000e+03 1.378313983936111e+00
2.500000000e+02 1.350000000e+03 2.410350610068934e+00
3.000000000e+02 1.350000000e+03 3.756032518778134e+00
3.500000000e+02 1.350000000e+03 5.306091565721825e+00
4.000000000e+02 1.350000000e+03 7.121358031412607e+00
4.500000000e+02 1.350000000e+03 8.843061031889203e+00
5.000000000e+02 1.350000000e+03 9.987689718074158e+00
5.500000000e+02 1.350000000e+03 1.095171341293166e+01
6.000000000e+02 1.350000000e+03 1.114723209310973e+01
6.500000000e+02 1.350000000e+03 1.090941169644660e+01
7.000000000e+02 1.350000000e+03 1.012327356761222e+01
7.500000000e+02 1.350000000e+03 8.552675057842247e+00
8.000000000e+02 1.350000000e+03 6.995945166556404e+00
8.500000000e+02 1.350000000e+03 5.246960674278370e+00
9.000000000e+02 1.350000000e+03 3.531808472729810e+00
9.500000000e+02 1.350000000e+03 1.726829183341353e+00
1.000000000e+03 1.350000000e+03 1.668978299920880e-16
1.050000000e+03 1.350000000e+03 -1.695975894761523e+00
1.100000000e+03 1.350000000e+03 -3.428369836462752e+00
1.150000000e+03 1.350000000e+03 -5.218005779556124e+00
1.200000000e+03 1.350000000e+03 -6.962854592575169e+00
1.250000000e+03 1.350000000e+03 -8.920176054139677e+00
1.300000000e+03 1.350000000e+03 -1.011798424536714e+01
1.350000000e+03 1.350000000e+03 -1.087991672630944e+01
1.400000000e+03 1.350000000e+03 -1.107951324620232e+01
1.450000000e+03 1.350000000e+03 -1.080704432158089e+01
1.500000000e+03 1.350000000e+03 -1.012284693328840e+01
1.550000000e+03 1.350000000e+03 -8.779115642503598e+00
1.600000000e+03 1.350000000e+03 -7.106774156076124e+00
1.650000000e+03 1.350000000e+03 -5.436040714554668e+00
1.700000000e+03 1.350000000e+03 -3.748701246679174e+00
1.750000000e+03 1.350000000e+03 -2.374465047290633e+00
1.800000000e+03 1.350000000e+03 -1.261683783811000e+00
1.850000000e+03 1.350000000e+03 -5.566745503161158e-01
1.900000000e+03 1.350000000e+03 -1.559173722821841e-02
1.950000000e+03 1.350000000e+03 3.558768595591211e-01
2.000000000e+03 1.350000000e+03 5.607715462244799e-01
0.000000000e+00 1.400000000e+03 -6.560066315540893e-01
5.000000000e+01 1.400000000e+03 -4.839294405790502e-01
1.000000000e+02 1.400000000e+03 -2.379174394455277e-01
1.500000000e+02 1.400000000e+03 1.417023428503949e-01
2.000000000e+02 1.400000000e+03 6.514785313578052e-01
2.500000000e+02 1.400000000e+03 1.385950454309571e+00
3.000000000e+02 1.400000000e+03 2.273023640753054e+00
3.500000000e+02 1.400000000e+03 3.300719521710278e+00
4.000000000e+02 1.400000000e+03 4.309558775623067e+00
4.500000000e+02 1.400000000e+03 5.202039538206716e+00
5.000000000e+02 1.400000000e+03 6.088123615113497e+00
5.500000000e+02 1.400000000e+03 6.377158157964241e+00
6.000000000e+02 1.400000000e+03 6.861395697526325e+00
6.500000000e+02 1.400000000e+03 6.592168815721965e+00
7.000000000e+02 1.400000000e+03 6.423155751126600e+00
7.500000000e+02 1.400000000e+03 5.555832647713631e+00
8.000000000e+02 1.400000000e+03 4.682114284682553e+00
8.500000000e+02 1.400000000e+03 3.485911113742600e+00
9.000000000e+02 1.400000000e+03 2.197346906078437e+00
9.500000000e+02 1.400000000e+03 1.110447032651780e+00
1.000000000e+03 1.400000000e+03 6.932453251425277e-16
1.050000000e+03 1.400000000e+03 -1.141251993842733e+00
1.100000000e+03 1.400000000e+03 -2.305578515244550e+00
1.150000000e+03 1.400000000e+03 -3.371306246215686e+00
1.200000000e+03 1.400000000e+03 -4.424350479622349e+00
1.250000000e+03 1.400000000e+03 -5.405506035772130e+00
1.300000000e+03 1.400000000e+03 -6.193868283345365e+00
1.350000000e+03 1.400000000e+03 -6.859277381764991e+00
1.400000000e+03 1.400000000e+03 -6.898268597863664e+00
1.450000000e+03 1.400000000e+03 -6.706749191025327e+00
1.500000000e+03 1.400000000e+03 -6.058588874860797e+00
1.550000000e+03 1.400000000e+03 -5.320448597949422e+00
1.600000000e+03 1.400000000e+03 -4.255457153325950e+00
1.650000000e+03 1.400000000e+03 -3.238642530629123e+00
1.700000000e+03 1.400000000e+03 -2.250282141049677e+00
1.750000000e+03 1.400000000e+03 -1.361417833639166e+00
1.800000000e+03 1.400000000e+03 -6.493847322914927e-01
1.850000000e+03 1.400000000e+03 -1.447206251265527e-01
1.900000000e+03 1.400000000e+03 2.303364480702517e-01
1.950000000e+03 1.400000000e+03 4.824343694538318e-01
2.000000000e+03 1.400000000e+03 6.452479359220817e-01
0.000000000e+00 1.450000000e+03 -7.323912047729427e-01
5.000000000e+01 1.450000000e+03 -6.003323758661212e-01
1.000000000e+02 1.450000000e+03 -4.284107344458574e-01
1.500000000e+02 1.450000000e+03 -1.690773068175448e-01
2.000000000e+02 1.450000000e+03 1.767405704733111e-01
2.500000000e+02 1.450000000e+03 6.213606571233355e-01
3.000000000e+02 1.450000000e+03 1.133177372731671e+00
3.500000000e+02 1.450000000e+03 1.795456792246042e+00
4.000000000e+02 1.450000000e+03 2.434199595630598e+00
4.500000000e+02 1.450000000e+03 3.018373017704217e+00
5.000000000e+02 1.450000000e+03 3.587363277308111e+00
5.500000000e+02 1.450000000e+03 4.083399807145114e+00
6.000000000e+02 1.450000000e+03 3.988970021178407e+00
6.500000000e+02 1.450000000e+03 4.046297096921781e+00
7.000000000e+02 1.450000000e+03 3.661891362824182e+00
7.500000000e+02 1.450000000e+03 3.365092567514389e+00
8.000000000e+02 1.450000000e+03 2.683795396250402e+00
8.500000000e+02 1.450000000e+03 2.100821124000872e+00
9.000000000e+02 1.450000000e+03 1.413353731002333e+00
9.500000000e+02 1.450000000e+03 6.970989688662922e-01
1.000000000e+03 1.450000000e+03 6.039490684019168e-16
1.050000000e+03 1.450000000e+03 -6.986249360787923e-01
1.100000000e+03 1.450000000e+03 -1.434334308851413e+00
1.150000000e+03 1.450000000e+03 -2.156093102333484e+00
1.200000000e+03 1.450000000e+03 -2.717121533137607e+00
1.250000000e+03 1.450000000e+03 -3.349858563689745e+00
1.300000000e+03 1.450000000e+03 -3.869488167144446e+00
1.350000000e+03 1.450000000e+03 -4.167149701501857e+00
1.400000000e+03 1.450000000e+03 -4.020830336972301e+00
1.450000000e+03 1.450000000e+03 -3.935246766407367e+00
1.500000000e+03 1.450000000e+03 -3.577479885143595e+00
1.550000000e+03 1.450000000e+03 -3.025674290156875e+00
1.600000000e+03 1.450000000e+03 -2.444820495629423e+00
1.650000000e+03 1.450000000e+03 -1.753560130081906e+00
1.700000000e+03 1.450000000e+03 -1.164711298071264e+00
1.750000000e+03 1.450000000e+03 -6.246306157248582e-01
1.800000000e+03 1.450000000e+03 -1.685315128412501e-01
1.850000000e+03 1.450000000e+03 1.764756999186118e-01
1.900000000e+03 1.450000000e+03 4.270093021135661e-01
1.950000000e+03 1.450000000e+03 5.983783811503264e-01
2.000000000e+03 1.450000000e+03 7.108826337876101e-01
0.000000000e+00 1.500000000e+03 -7.283466757948708e-01
5.000000000e+01 1.500000000e+03 -6.922814449822809e-01
1.000000000e+02 1.500000000e+03 -5.743747809379327e-01
1.500000000e+02 1.500000000e+03 -4.228256798248460e-01
2.000000000e+02 1.500000000e+03 -1.787888416803254e-01
2.500000000e+02 1.500000000e+03 1.105094515353610e-01
3.000000000e+02 1.500000000e+03 4.555997606187454e-01
3.500000000e+02 1.500000000e+03 8.356818231290789e-01
4.000000000e+02 1.500000000e+03 1.260362369151922e+00
4.500000000e+02 1.500000000e+03 1.611803358283437e+00
5.000000000e+02 1.500000000e+03 1.984658234514978e+00
5.500000000e+02 1.500000000e+03 2.247679348924631e+00
6.000000000e+02 1.500000000e+03 2.320971147433934e+00
6.500000000e+02 1.500000000e+03 2.298827147829545e+00
7.000000000e+02 1.500000000e+03 2.089528445049751e+00
7.500000000e+02 1.500000000e+03 1.900552975397150e+00
8.000000000e+02 1.500000000e+03 1.651176849996727e+00
8.500000000e+02 1.500000000e+03 1.209581788757937e+00
9.000000000e+02 1.500000000e+03 8.249547570544081e-01
9.500000000e+02 1.500000000e+03 4.145590489835862e-01
1.000000000e+03 1.500000000e+03 8.623254935928942e-17
1.050000000e+03 1.500000000e+03 -4.190241983612618e-01
1.100000000e+03 1.500000000e+03 -8.407713102755219e-01
1.150000000e+03 1.500000000e+03 -1.220046089067805e+00
1.200000000e+03 1.500000000e+03 -1.613541589346603e+00
1.250000000e+03 1.500000000e+03 -1.934504954400571e+00
1.300000000e+03 1.500000000e+03 -2.168335267164903e+00
1.350000000e+03 1.500000000e+03 -2.256434328180477e+00
1.400000000e+03 1.500000000e+03 -2.385137408898734e+00
1.450000000e+03 1.500000000e+03 -2.180237376009845e+00
1.500000000e+03 1.500000000e+03 -1.952129447681530e+00
1.550000000e+03 1.500000000e+03 -1.599588140669985e+00
1.600000000e+03 1.500000000e+03 -1.216672199994177e+00
1.650000000e+03 1.500000000e+03 -8.234480323867802e-01
1.700000000e+03 1.500000000e+03 -4.527613587151547e-01
1.750000000e+03 1.500000000e+03 -1.123238425691440e-01
1.800000000e+03 1.500000000e+03 1.818345069611295e-01
1.850000000e+03 1.500000000e+03 3.900677410442721e-01
1.900000000e+03 1.500000000e+03 5.534570918121043e-01
1.950000000e+03 1.500000000e+03 6.500831878008714e-01
2.000000000e+03 1.500000000e+03 7.386554941817219e-01
0.000000000e+00 1.550000000e+03 -7.739550709071514e-01
5.000000000e+01 1.550000000e+03 -7.301700024502591e-01
1.000000000e+02 1.550000000e+03 -6.336015132397536e-01
1.500000000e+02 1.550000000e+03 -5.497863597487380e-01
2.000000000e+02 1.550000000e+03 -3.888038379218859e-01
2.500000000e+02 1.550000000e+03 -2.347580626486360e-01
3.000000000e+02 1.550000000e+03 -1.743229128620487e-02
3.500000000e+02 1.550000000e+03 2.199595057551648e-01
4.000000000e+02 1.550000000e+03 4.748570374561906e-01
4.500000000e+02 1.550000000e+03 7.015296796581900e-01
5.000000000e+02 1.550000000e+03 9.252591167273850e-01
5.500000000e+02 1.550000000e+03 1.050917222986835e+00
6.000000000e+02 1.550000000e+03 1.158722291528322e+00
6.500000000e+02 1.550000000e+03 1.187519753414400e+00
7.000000000e+02 1.550000000e+03 1.167400872010483e+00
7.500000000e+02 1.550000000e+03 1.006771620779963e+00
8.000000000e+02 1.550000000e+03 8.531579143461648e-01
8.500000000e+02 1.550000000e+03 6.619426743751948e-01
9.000000000e+02 1.550000000e+03 4.327630394720722e-01
9.500000000e+02 1.550000000e+03 2.285043239671831e-01
1.000000000e+03 1.550000000e+03 -6.643308095410152e-16
1.050000000e+03 1.550000000e+03 -2.249248955199378e-01
1.100000000e+03 1.550000000e+03 -4.506703318092168e-01
1.150000000e+03 1.550000000e+03 -6.634672774105075e-01
1.200000000e+03 1.550000000e+03 -8.341184648644765e-01
1.250000000e+03 1.550000000e+03 -1.023478321940358e+00
1.300000000e+03 1.550000000e+03 -1.140818300161745e+00
1.350000000e+03 1.550000000e+03 -1.229856105980681e+00
1.400000000e+03 1.550000000e+03 -1.108818444972303e+00
1.450000000e+03 1.550000000e+03 -1.064545802664840e+00
1.500000000e+03 1.550000000e+03 -9.195170865278213e-01
1.550000000e+03 1.550000000e+03 -6.985886675840712e-01
1.600000000e+03 1.550000000e+03 -4.480546037937842e-01
1.650000000e+03 1.550000000e+03 -2.238364231948380e-01
1.700000000e+03 1.550000000e+03 1.782692764540747e-02
1.750000000e+03 1.550000000e+03 2.330700673555464e-01
1.800000000e+03 1.550000000e+03 4.073580891411848e-01
1.850000000e+03 1.550000000e+03 5.443631530597162e-01
1.900000000e+03 1.550000000e+03 6.484283345025241e-01
1.950000000e+03 1.550000000e+03 7.159152209669097e-01
2.000000000e+03 1.550000000e+03 7.562314906080796e-01
0.000000000e+00 1.600000000e+03 -7.596521388371391e-01
5.000000000e+01 1.600000000e+03 -7.432128058952989e-01
1.000000000e+02 1.600000000e+03 -6.798658923590806e-01
1.500000000e+02 1.600000000e+03 -6.604476106400223e-01
2.000000000e+02 1.600000000e+03 -5.276152119347370e-01
2.500000000e+02 1.600000000e+03 -4.351236606259408e-01
3.000000000e+02 1.600000000e+03 -3.063522650999688e-01
3.500000000e+02 1.600000000e+03 -1.663873854217399e-01
4.000000000e+02 1.600000000e+03 -9.030609008914760e-03
4.500000000e+02 1.600000000e+03 1.419699204633036e-01
5.000000000e+02 1.600000000e+03 2.769721783961446e-01
5.500000000e+02 1.600000000e+03 3.790769820302775e-01
6.000000000e+02 1.600000000e+03 4.761421704585392e-01
6.500000000e+02 1.600000000e+03 4.950787499069481e-01
7.000000000e+02 1.600000000e+03 5.114348101903694e-01
7.500000000e+02 1.600000000e+03 4.622762854013456e-01
8.000000000e+02 1.600000000e+03 3.888386611277955e-01
8.500000000e+02 1.600000000e+03 3.145351154067941e-01
9.000000000e+02 1.600000000e+03 2.126712417563017e-01
9.500000000e+02 1.600000000e+03 1.067767467612210e-01
1.000000000e+03 1.600000000e+03 2.999268147400493e-16
1.050000000e+03 1.600000000e+03 -1.098215883363357e-01
1.100000000e+03 1.600000000e+03 -2.176046286711142e-01
1.150000000e+03 1.600000000e+03 -3.115781923088299e-01
1.200000000e+03 1.600000000e+03 -3.864775513411251e-01
1.250000000e+03 1.600000000e+03 -4.697256074899579e-01
1.300000000e+03 1.600000000e+03 -5.077514557782153e-01
1.350000000e+03 1.600000000e+03 -4.938960836904045e-01
1.400000000e+03 1.600000000e+03 -4.527188105688884e-01
1.450000000e+03 1.600000000e+03 -3.849016195587627e-01
1.500000000e+03 1.600000000e+03 -2.835949634045227e-01
1.550000000e+03 1.600000000e+03 -1.433292678533696e-01
1.600000000e+03 1.600000000e+03 9.441202830878069e-03
1.650000000e+03 1.600000000e+03 1.635431057682575e-01
1.700000000e+03 1.600000000e+03 3.238161258062461e-01
1.750000000e+03 1.600000000e+03 4.439222022460269e-01
1.800000000e+03 1.600000000e+03 5.595344204158834e-01
1.850000000e+03 1.600000000e+03 6.224725648846651e-01
1.900000000e+03 1.600000000e+03 6.848101316158907e-01
1.950000000e+03 1.600000000e+03 7.316177317494474e-01
2.000000000e+03 1.600000000e+03 7.280946331113474e-01
0.000000000e+00 1.650000000e+03 -7.212560359676273e-01
5.000000000e+01 1.650000000e+03 -7.143785184393563e-01
1.000000000e+02 1.650000000e+03 -6.883939749815160e-01
1.500000000e+02 1.650000000e+03 -7.038488627900852e-01
2.000000000e+02 1.650000000e+03 -6.358112634120676e-01
2.500000000e+02 1.650000000e+03 -5.713374325990074e-01
3.000000000e+02 1.650000000e+03 -4.812002384321285e-01
3.500000000e+02 1.650000000e+03 -4.033822062409542e-01
4.000000000e+02 1.650000000e+03 -2.833713639996402e-01
4.500000000e+02 1.650000000e+03 -1.939077318278611e-01
5.000000000e+02 1.650000000e+03 -1.006501730567235e-01
5.500000000e+02 1.650000000e+03 -2.255251781160198e-02
6.000000000e+02 1.650000000e+03 4.012510562245886e-02
6.500000000e+02 1.650000000e+03 8.720063136904663e-02
7.000000000e+02 1.650000000e+03 1.123269698535170e-01
7.500000000e+02 1.650000000e+03 1.142852475016957e-01
8.000000000e+02 1.650000000e+03 1.123717881883604e-01
8.500000000e+02 1.650000000e+03 8.845539770034500e-02
9.000000000e+02 1.650000000e+03 6.180581487954442e-02
9.500000000e+02 1.650000000e+03 3.243330348233285e-02
1.000000000e+03 1.650000000e+03 -2.474950624301097e-16
1.050000000e+03 1.650000000e+03 -3.372650947345354e-02
1.100000000e+03 1.650000000e+03 -6.180479027135454e-02
1.150000000e+03 1.650000000e+03 -8.790454655956292e-02
1.200000000e+03 1.650000000e+03 -1.059910555671234e-01
1.250000000e+03 1.650000000e+03 -1.198948056451930e-01
1.300000000e+03 1.650000000e+03 -1.077186991272084e-01
1.350000000e+03 1.650000000e+03 -8.606911447803714e-02
1.400000000e+03 1.650000000e+03 -4.283998263009005e-02
1.450000000e+03 1.650000000e+03 2.234684894374871e-02
1.500000000e+03 1.650000000e+03 1.030343006038549e-01
1.550000000e+03 1.650000000e+03 1.918968305401098e-01
1.600000000e+03 1.650000000e+03 2.951553346327066e-01
1.650000000e+03 1.650000000e+03 4.019503599288239e-01
1.700000000e+03 1.650000000e+03 4.841526662090111e-01
1.750000000e+03 1.650000000e+03 5.701303122408922e-01
1.800000000e+03 1.650000000e+03 6.371484606257950e-01
1.850000000e+03 1.650000000e+03 6.639813723947305e-01
1.900000000e+03 1.650000000e+03 7.119183332536867e-01
1.950000000e+03 1.650000000e+03 6.858151513245305e-01
2.000000000e+03 1.650000000e+03 7.256804842639689e-01
0.000000000e+00 1.700000000e+03 -6.856340536493417e-01
5.000000000e+01 1.700000000e+03 -7.083799256277746e-01
1.000000000e+02 1.700000000e+03 -6.790049241815063e-01
1.500000000e+02 1.700000000e+03 -6.898965694714938e-01
2.000000000e+02 1.700000000e+03 -6.671722917443176e-01
2.500000000e+02 1.700000000e+03 -6.201013198190231e-01
3.000000000e+02 1.700000000e+03 -5.713937548260523e-01
3.500000000e+02 1.700000000e+03 -5.213156789835467e-01
4.000000000e+02 1.700000000e+03 -4.345303602827248e-01
4.500000000e+02 1.700000000e+03 -3.947161458035222e-01
5.000000000e+02 1.700000000e+03 -3.231006065314217e-01
5.500000000e+02 1.700000000e+03 -2.549463742937224e-01
6.000000000e+02 1.700000000e+03 -2.017121064331640e-01
6.500000000e+02 1.700000000e+03 -1.608262039246353e-01
7.000000000e+02 1.700000000e+03 -1.104354923726664e-01
7.500000000e+02 1.700000000e+03 -8.271547925217512e-02
8.000000000e+02 1.700000000e+03 -5.971439642556067e-02
8.500000000e+02 1.700000000e+03 -3.972454945176600e-02
9.000000000e+02 1.700000000e+03 -2.594916711180267e-02
9.500000000e+02 1.700000000e+03 -1.263466701637364e-02
1.000000000e+03 1.700000000e+03 5.127792076659170e-16
1.050000000e+03 1.700000000e+03 1.295282051384467e-02
1.100000000e+03 1.700000000e+03 2.521548372658264e-02
1.150000000e+03 1.700000000e+03 4.206215711354087e-02
1.200000000e+03 1.700000000e+03 5.941696442406366e-02
1.250000000e+03 1.700000000e+03 8.243063618701349e-02
1.300000000e+03 1.700000000e+03 1.156494675622285e-01
1.350000000e+03 1.700000000e+03 1.542193562523961e-01
1.400000000e+03 1.700000000e+03 1.956866993260209e-01
1.450000000e+03 1.700000000e+03 2.546488814370416e-01
1.500000000e+03 1.700000000e+03 3.153178023717328e-01
1.550000000e+03 1.700000000e+03 3.738994813699208e-01
1.600000000e+03 1.700000000e+03 4.397893809086192e-01
1.650000000e+03 1.700000000e+03 5.097806218755444e-01
1.700000000e+03 1.700000000e+03 5.801393217383340e-01
1.750000000e+03 1.700000000e+03 6.340095148896497e-01
1.800000000e+03 1.700000000e+03 6.585212678035525e-01
1.850000000e+03 1.700000000e+03 6.681967852824228e-01
1.900000000e+03 1.700000000e+03 6.914863727881558e-01
1.950000000e+03 1.700000000e+03 6.939066447975247e-01
2.000000000e+03 1.700000000e+03 6.892187844473744e-01
0.000000000e+00 1.750000000e+03 -6.284840157819136e-01
5.000000000e+01 1.750000000e+03 -6.582238523521743e-01
1.000000000e+02 1.750000000e+03 -6.780658258277579e-01
1.500000000e+02 1.750000000e+03 -6.560803449360595e-01
2.000000000e+02 1.750000000e+03 -6.667573840358010e-01
2.500000000e+02 1.750000000e+03 -6.317744168602555e-01
3.000000000e+02 1.750000000e+03 -5.973845567951065e-01
3.500000000e+02 1.750000000e+03 -5.701091624107091e-01
4.000000000e+02 1.750000000e+03 -5.282401455274293e-01
4.500000000e+02 1.750000000e+03 -4.999406195518682e-01
5.000000000e+02 1.750000000e+03 -4.187640593433482e-01
5.500000000e+02 1.750000000e+03 -3.839075184800370e-01
6.000000000e+02 1.750000000e+03 -3.254304816069100e-01
6.500000000e+02 1.750000000e+03 -2.857648998949919e-01
7.000000000e+02 1.750000000e+03 -2.321633525394109e-01
7.500000000e+02 1.750000000e+03 -1.971591638890876e-01
8.000000000e+02 1.750000000e+03 -1.543827281952960e-01
8.500000000e+02 1.750000000e+03 -1.167558314552385e-01
9.000000000e+02 1.750000000e+03 -7.479621325444787e-02
9.500000000e+02 1.750000000e+03 -3.798680666310572e-02
1.000000000e+03 1.750000000e+03 8.632631065622250e-17
1.050000000e+03 1.750000000e+03 3.814420945202445e-02
1.100000000e+03 1.750000000e+03 7.678635771536471e-02
1.150000000e+03 1.750000000e+03 1.155638734018792e-01
1.200000000e+03 1.750000000e+03 1.572753047619037e-01
1.250000000e+03 1.750000000e+03 1.880991186603209e-01
1.300000000e+03 1.750000000e+03 2.392845324341729e-01
1.350000000e+03 1.750000000e+03 2.811868680351545e-01
1.400000000e+03 1.750000000e+03 3.172881104366804e-01
1.450000000e+03 1.750000000e+03 3.808439158176048e-01
1.500000000e+03 1.750000000e+03 4.133988660856005e-01
1.550000000e+03 1.750000000e+03 4.747085327364075e-01
1.600000000e+03 1.750000000e+03 5.385954359153573e-01
1.650000000e+03 1.750000000e+03 5.640985021728504e-01
1.700000000e+03 1.750000000e+03 6.269655592824069e-01
1.750000000e+03 1.750000000e+03 6.354500958201247e-01
1.800000000e+03 1.750000000e+03 6.457177988826409e-01
1.850000000e+03 1.750000000e+03 6.619300004220362e-01
1.900000000e+03 1.750000000e+03 6.933903760449106e-01
1.950000000e+03 1.750000000e+03 6.952405270696588e-01
2.000000000e+03 1.750000000e+03 6.792686814590240e-01
0.000000000e+00 1.800000000e+03 -6.272956296380875e-01
5.000000000e+01 1.800000000e+03 -6.273628263929324e-01
1.000000000e+02 1.800000000e+03 -6.598647608148532e-01
1.500000000e+02 1.800000000e+03 -6.267274888459117e-01
2.000000000e+02 1.800000000e+03 -6.725611200948453e-01
2.500000000e+02 1.800000000e+03 -6.265895129446994e-01
3.000000000e+02 1.800000000e+03 -6.024450675363510e-01
3.500000000e+02 1.800000000e+03 -5.842355204227488e-01
4.000000000e+02 1.800000000e+03 -5.548207849653798e-01
4.500000000e+02 1.800000000e+03 -5.187971431538376e-01
5.000000000e+02 1.800000000e+03 -4.929378272465865e-01
5.500000000e+02 1.800000000e+03 -4.294587818692734e-01
6.000000000e+02 1.800000000e+03 -3.902574711599297e-01
6.500000000e+02 1.800000000e+03 -3.514898433618632e-01
7.000000000e+02 1.800000000e+03 -2.973476483930751e-01
7.500000000e+02 1.800000000e+03 -2.420851373073331e-01
8.000000000e+02 1.800000000e+03 -2.012690293451399e-01
8.500000000e+02 1.800000000e+03 -1.494266683049383e-01
9.000000000e+02 1.800000000e+03 -1.018633958140499e-01
9.500000000e+02 1.800000000e+03 -5.106701043868180e-02
1.000000000e+03 1.800000000e+03 -5.657174145350722e-16
1.050000000e+03 1.800000000e+03 5.169933426479994e-02
1.100000000e+03 1.800000000e+03 1.028178252242195e-01
1.150000000e+03 1.800000000e+03 1.518610114085719e-01
1.200000000e+03 1.800000000e+03 2.036701410907809e-01
1.250000000e+03 1.800000000e+03 2.478303794569498e-01
1.300000000e+03 1.800000000e+03 2.876199037253842e-01
1.350000000e+03 1.800000000e+03 3.573886190936714e-01
1.400000000e+03 1.800000000e+03 3.935123628589084e-01
1.450000000e+03 1.800000000e+03 4.226201802358276e-01
1.500000000e+03 1.800000000e+03 5.016327752258315e-01
1.550000000e+03 1.800000000e+03 5.254921556678136e-01
1.600000000e+03 1.800000000e+03 5.557511019608476e-01
1.650000000e+03 1.800000000e+03 5.972002916726147e-01
1.700000000e+03 1.800000000e+03 6.185233810471652e-01
1.750000000e+03 1.800000000e+03 6.282021143810019e-01
1.800000000e+03 1.800000000e+03 6.438562929088898e-01
1.850000000e+03 1.800000000e+03 6.398133613416639e-01
1.900000000e+03 1.800000000e+03 6.164773100667882e-01
1.950000000e+03 1.800000000e+03 6.453025134848748e-01
2.000000000e+03 1.800000000e+03 6.080856525434850e-01
0.000000000e+00 1.850000000e+03 -5.791403164528549e-01
5.000000000e+01 1.850000000e+03 -5.978784667601114e-01
1.000000000e+02 1.850000000e+03 -6.160712404181977e-01
1.500000000e+02 1.850000000e+03 -6.261366385745903e-01
2.000000000e+02 1.850000000e+03 -6.093946790784466e-01
2.500000000e+02 1.850000000e+03 -6.027831677294259e-01
3.000000000e+02 1.850000000e+03 -5.786411766724994e-01
3.500000000e+02 1.850000000e+03 -6.013588508003158e-01
4.000000000e+02 1.850000000e+03 -5.474018750245814e-01
4.500000000e+02 1.850000000e+03 -5.098877095838880e-01
5.000000000e+02 1.850000000e+03 -4.775071970046955e-01
5.500000000e+02 1.850000000e+03 -4.412639080237249e-01
6.000000000e+02 1.850000000e+03 -4.118568483216952e-01
6.500000000e+02 1.850000000e+03 -3.519103655320162e-01
7.000000000e+02 1.850000000e+03 -3.081583777574190e-01
7.500000000e+02 1.850000000e+03 -2.677030777193738e-01
8.000000000e+02 1.850000000e+03 -2.186864952475071e-01
8.500000000e+02 1.850000000e+03 -1.675896688112534e-01
9.000000000e+02 1.850000000e+03 -1.116286566262258e-01
9.500000000e+02 1.850000000e+03 -5.378496141043562e-02
1.000000000e+03 1.850000000e+03 7.970490859381790e-16
1.050000000e+03 1.850000000e+03 5.449738112941758e-02
1.100000000e+03 1.850000000e+03 1.119640868965436e-01
1.150000000e+03 1.850000000e+03 1.681840570852511e-01
1.200000000e+03 1.850000000e+03 2.207447406728518e-01
1.250000000e+03 1.850000000e+03 2.657828989285960e-01
1.300000000e+03 1.850000000e+03 3.105136494768202e-01
1.350000000e+03 1.850000000e+03 3.732262378031209e-01
1.400000000e+03 1.850000000e+03 4.044319971881262e-01
1.450000000e+03 1.850000000e+03 4.681794373043372e-01
1.500000000e+03 1.850000000e+03 4.989355028385554e-01
1.550000000e+03 1.850000000e+03 4.986510473144762e-01
1.600000000e+03 1.850000000e+03 5.649267224886786e-01
1.650000000e+03 1.850000000e+03 5.784611326258032e-01
1.700000000e+03 1.850000000e+03 5.858514829750771e-01
1.750000000e+03 1.850000000e+03 6.085879180483715e-01
1.800000000e+03 1.850000000e+03 6.110569549639938e-01
1.850000000e+03 1.850000000e+03 5.926204908940144e-01
1.900000000e+03 1.850000000e+03 5.954197891480741e-01
1.950000000e+03 1.850000000e+03 5.922160044643127e-01
2.000000000e+03 1.850000000e+03 5.869367407362746e-01
0.000000000e+00 1.900000000e+03 -5.253253069071668e-01
5.000000000e+01 1.900000000e+03 -5.493160963332667e-01
1.000000000e+02 1.900000000e+03 -5.539651604687950e-01
1.500000000e+02 1.900000000e+03 -5.528818314087942e-01
2.000000000e+02 1.900000000e+03 -5.696410348710218e-01
2.500000000e+02 1.900000000e+03 -5.676657992967729e-01
3.000000000e+02 1.900000000e+03 -5.461826088146858e-01
3.500000000e+02 1.900000000e+03 -5.501405498204297e-01
4.000000000e+02 1.900000000e+03 -5.259390412190065e-01
4.500000000e+02 1.900000000e+03 -4.992996147921132e-01
5.000000000e+02 1.900000000e+03 -4.625006073131642e-01
5.500000000e+02 1.900000000e+03 -4.405752477690948e-01
6.000000000e+02 1.900000000e+03 -3.936691153514643e-01
6.500000000e+02 1.900000000e+03 -3.696773697729818e-01
7.000000000e+02 1.900000000e+03 -3.153297139286075e-01
7.500000000e+02 1.900000000e+03 -2.740774968805847e-01
8.000000000e+02 1.900000000e+03 -2.185996411140526e-01
8.500000000e+02 1.900000000e+03 -1.690266627226389e-01
9.000000000e+02 1.900000000e+03 -1.145350061362197e-01
9.500000000e+02 1.900000000e+03 -5.764244911385395e-02
1.000000000e+03 1.900000000e+03 -2.285102032644266e-16
1.050000000e+03 1.900000000e+03 5.630056770712608e-02
1.100000000e+03 1.900000000e+03 1.137866626042613e-01
1.150000000e+03 1.900000000e+03 1.692241175076951e-01
1.200000000e+03 1.900000000e+03 2.138338530592422e-01
1.250000000e+03 1.900000000e+03 2.742776027041164e-01
1.300000000e+03 1.900000000e+03 3.213425315910912e-01
1.350000000e+03 1.900000000e+03 3.587492543415466e-01
1.400000000e+03 1.900000000e+03 4.135431603940465e-01
1.450000000e+03 1.900000000e+03 4.485826592581491e-01
1.500000000e+03 1.900000000e+03 4.659393929428654e-01
1.550000000e+03 1.900000000e+03 5.230241948255736e-01
1.600000000e+03 1.900000000e+03 5.182668060497979e-01
1.650000000e+03 1.900000000e+03 5.663148164876608e-01
1.700000000e+03 1.900000000e+03 5.569046362934680e-01
1.750000000e+03 1.900000000e+03 5.682453761900287e-01
1.800000000e+03 1.900000000e+03 5.519138941067012e-01
1.850000000e+03 1.900000000e+03 5.791115083141711e-01
1.900000000e+03 1.900000000e+03 5.439956202585570e-01
1.950000000e+03 1.900000000e+03 5.390831526724976e-01
2.000000000e+03 1.900000000e+03 5.319506914427586e-01
0.000000000e+00 1.950000000e+03 -4.757307598717750e-01
5.000000000e+01 1.950000000e+03 -4.867702796420111e-01
1.000000000e+02 1.950000000e+03 -5.231748623730426e-01
1.500000000e+02 1.950000000e+03 -5.240200192728161e-01
2.000000000e+02 1.950000000e+03 -5.393487150721191e-01
2.500000000e+02 1.950000000e+03 -5.362534590676058e-01
3.000000000e+02 1.950000000e+03 -5.193951746764787e-01
3.500000000e+02 1.950000000e+03 -5.051406772223166e-01
4.000000000e+02 1.950000000e+03 -4.953495698590952e-01
4.500000000e+02 1.950000000e+03 -4.642265273195543e-01
5.000000000e+02 1.950000000e+03 -4.727858920408944e-01
5.500000000e+02 1.950000000e+03 -4.248180404763714e-01
6.000000000e+02 1.950000000e+03 -3.824818855380148e-01
6.500000000e+02 1.950000000e+03 -3.379632201750419e-01
7.000000000e+02 1.950000000e+03 -3.109114626515849e-01
7.500000000e+02 1.950000000e+03 -2.666561382688903e-01
8.000000000e+02 1.950000000e+03 -2.167863502052267e-01
8.500000000e+02 1.950000000e+03 -1.592467872638794e-01
9.000000000e+02 1.950000000e+03 -1.123344893409601e-01
9.500000000e+02 1.950000000e+03 -5.693928474715196e-02
1.000000000e+03 1.950000000e+03 -6.672875828699510e-16
1.050000000e+03 1.950000000e+03 5.257259412873900e-02
1.100000000e+03 1.950000000e+03 1.062871022337036e-01
1.150000000e+03 1.950000000e+03 1.608153082007987e-01
1.200000000e+03 1.950000000e+03 2.094788492902166e-01
1.250000000e+03 1.950000000e+03 2.557579987179140e-01
1.300000000e+03 1.950000000e+03 2.957451267975599e-01
1.350000000e+03 1.950000000e+03 3.427551138206387e-01
1.400000000e+03 1.950000000e+03 3.899191089773580e-01
1.450000000e+03 1.950000000e+03 4.270754308519996e-01
1.500000000e+03 1.950000000e+03 4.514711410714100e-01
1.550000000e+03 1.950000000e+03 4.677274637078667e-01
1.600000000e+03 1.950000000e+03 4.952334459246509e-01
1.650000000e+03 1.950000000e+03 5.023302749880141e-01
1.700000000e+03 1.950000000e+03 5.350662763500488e-01
1.750000000e+03 1.950000000e+03 5.450547602721589e-01
1.800000000e+03 1.950000000e+03 5.211189136444104e-01
1.850000000e+03 1.950000000e+03 5.130501316972995e-01
1.900000000e+03 1.950000000e+03 5.262387906218658e-01
1.950000000e+03 1.950000000e+03 5.121222318008209e-01
2.000000000e+03 1.950000000e+03 5.058663996646967e-01
0.000000000e+00 2.000000000e+03 -4.544184180126316e-01
5.000000000e+01 2.000000000e+03 -4.550501696821426e-01
1.000000000e+02 2.000000000e+03 -4.804324864842365e-01
1.500000000e+02 2.000000000e+03 -4.530843055339623e-01
2.000000000e+02 2.000000000e+03 -4.861470864277259e-01
2.500000000e+02 2.000000000e+03 -4.780647396109502e-01
3.000000000e+02 2.000000000e+03 -4.951301788090486e-01
3.500000000e+02 2.000000000e+03 -4.588174723433684e-01
4.000000000e+02 2.000000000e+03 -4.410900449132372e-01
4.500000000e+02 2.000000000e+03 -4.295188918032186e-01
5.000000000e+02 2.000000000e+03 -4.303413068776897e-01
5.500000000e+02 2.000000000e+03 -3.750619774808597e-01
6.000000000e+02 2.000000000e+03 -3.636950414087701e-01
6.500000000e+02 2.000000000e+03 -3.269462050938290e-01
7.000000000e+02 2.000000000e+03 -2.909540123853081e-01
7.500000000e+02 2.000000000e+03 -2.410833396817611e-01
8.000000000e+02 2.000000000e+03 -1.992297617061715e-01
8.500000000e+02 2.000000000e+03 -1.499970996886970e-01
9.000000000e+02 2.000000000e+03 -1.017637970660829e-01
9.500000000e+02 2.000000000e+03 -5.045176150999900e-02
1.000000000e+03 2.000000000e+03 -3.914326880219138e-16
1.050000000e+03 2.000000000e+03 5.140120038747448e-02
1.100000000e+03 2.000000000e+03 1.003726490261774e-01
1.150000000e+03 2.000000000e+03 1.537375428448858e-01
1.200000000e+03 2.000000000e+03 2.029467412845873e-01
1.250000000e+03 2.000000000e+03 2.393268826801301e-01
1.300000000e+03 2.000000000e+03 2.783198628392525e-01
1.350000000e+03 2.000000000e+03 3.240096088931838e-01
1.400000000e+03 2.000000000e+03 3.592537906238161e-01
1.450000000e+03 2.000000000e+03 3.947671949562692e-01
1.500000000e+03 2.000000000e+03 4.162518783533183e-01
1.550000000e+03 2.000000000e+03 4.453583518746801e-01
1.600000000e+03 2.000000000e+03 4.543991005750925e-01
1.650000000e+03 2.000000000e+03 4.636641383017531e-01
1.700000000e+03 2.000000000e+03 4.710910253556587e-01
1.750000000e+03 2.000000000e+03 4.848806280205026e-01
1.800000000e+03 2.000000000e+03 4.772699784205588e-01
1.850000000e+03 2.000000000e+03 4.773698227654249e-01
1.900000000e+03 2.000000000e+03 4.741280190954786e-01
1.950000000e+03 2.000000000e+03 4.571478086239458e-01
2.000000000e+03 2.000000000e+03 4.640947376916156e-01
