5.062453960000000e+06         4.039314830000000e+05         -2.565102660000000e-01        
5.062510110000000e+06         4.038902250000000e+05         -1.994124650000000e-01        
5.062494630000000e+06         4.038937930000000e+05         -2.335804730000000e-01        
5.062499040000000e+06         4.038816310000000e+05         -2.222800380000000e-01        
5.062516540000000e+06         4.038768670000000e+05         -1.831137580000000e-01        
5.062463720000000e+06         4.039008620000000e+05         -3.312361160000000e-01        
5.062482110000000e+06         4.038898000000000e+05         -3.480996240000000e-01        
5.062504500000000e+06         4.038688720000000e+05         -2.695449860000000e-01        
5.062519580000000e+06         4.038568050000000e+05         -2.590715980000000e-01        
5.062441500000000e+06         4.039051340000000e+05         -5.075491519999999e-01        
5.062490900000000e+06         4.038647890000000e+05         -3.723703150000000e-01        
5.062468690000000e+06         4.038800960000000e+05         -4.946460100000000e-01        
5.062457650000000e+06         4.038843400000000e+05         -5.152765450000000e-01        
5.062449690000000e+06         4.038781280000000e+05         -4.923972960000000e-01        
5.062528710000000e+06         4.038409080000000e+05         -3.666038250000000e-01        
5.062471110000000e+06         4.038715700000000e+05         -5.082246170000000e-01        
5.062510110000000e+06         4.038528010000000e+05         -3.973182720000000e-01        
5.062518800000000e+06         4.038318570000000e+05         -3.408300950000000e-01        
5.062511760000000e+06         4.038460660000000e+05         -4.108548780000000e-01        
5.062529710000000e+06         4.038322870000000e+05         -3.850331830000000e-01        
5.062534340000000e+06         4.038207140000000e+05         -3.084116580000000e-01        
5.062522720000000e+06         4.038210520000000e+05         -3.600350030000000e-01        
5.062301090000000e+06         4.038692870000000e+05         -1.852955420000000e-01        
5.062523410000000e+06         4.038142510000000e+05         -3.346517810000000e-01        
5.062322930000000e+06         4.037810970000000e+05         -2.544033220000000e-02        
5.062481540000000e+06         4.038401380000000e+05         -4.982952820000000e-01        
5.062295760000000e+06         4.037891920000000e+05         -2.353981920000000e-02        
5.062337520000000e+06         4.038978190000000e+05         -3.456613250000000e-01        
5.062321440000000e+06         4.037968800000000e+05         -1.109813600000000e-01        
5.062508540000000e+06         4.038036980000000e+05         -3.193122770000000e-01        
5.062474250000000e+06         4.038507460000000e+05         -5.813576450000000e-01        
5.062492190000000e+06         4.037856590000000e+05         -2.598271960000000e-01        
5.062499720000000e+06         4.038298210000000e+05         -4.723346360000000e-01        
5.062393780000000e+06         4.039038560000000e+05         -5.495319250000000e-01        
5.062501480000000e+06         4.038144640000000e+05         -4.067026060000000e-01        
5.062488730000000e+06         4.038185860000000e+05         -4.456532840000000e-01        
5.062302750000000e+06         4.037937600000000e+05         -9.033323109999999e-02        
5.062467980000000e+06         4.037958680000000e+05         -3.674684350000000e-01        
5.062468720000000e+06         4.038477140000000e+05         -5.941634260000001e-01        
5.062491760000000e+06         4.038316310000000e+05         -5.217001810000000e-01        
5.062487970000000e+06         4.038017680000000e+05         -3.800700700000000e-01        
5.062476250000000e+06         4.038165350000000e+05         -4.717956870000000e-01        
5.062442770000000e+06         4.038701530000000e+05         -6.711619940000000e-01        
5.062495820000000e+06         4.038227300000000e+05         -5.054554760000000e-01        
5.062345850000000e+06         4.038762770000000e+05         -4.150054080000000e-01        
5.062453870000000e+06         4.038036440000000e+05         -4.214132070000000e-01        
5.062388070000000e+06         4.037675840000000e+05         -1.783221950000000e-01        
5.062316310000000e+06         4.037945020000000e+05         -2.020266270000000e-01        
5.062313900000000e+06         4.038538800000000e+05         -3.407142390000000e-01        
5.062364380000000e+06         4.038980260000000e+05         -5.565249600000000e-01        
5.062461380000000e+06         4.038432560000000e+05         -6.463587860000000e-01        
5.062456840000000e+06         4.038471170000000e+05         -6.846076400000000e-01        
5.062434480000000e+06         4.037535920000000e+05         -1.645674700000000e-01        
5.062406210000000e+06         4.037476540000000e+05         -1.654733130000000e-01        
5.062468390000000e+06         4.037554790000000e+05         -1.498188490000000e-01        
5.062380270000000e+06         4.037852430000000e+05         -3.237772080000000e-01        
5.062472940000000e+06         4.038334060000000e+05         -6.348025540000000e-01        
5.062320290000000e+06         4.038462480000000e+05         -3.941782840000000e-01        
5.062339950000000e+06         4.038035300000000e+05         -3.594287000000000e-01        
5.062398730000000e+06         4.037914460000000e+05         -3.944555140000000e-01        
5.062453170000000e+06         4.038379480000000e+05         -7.150284190000000e-01        
5.062445520000000e+06         4.038322330000000e+05         -7.389812770000000e-01        
5.062429590000000e+06         4.038536320000000e+05         -9.419877010000000e-01        
5.062432690000000e+06         4.038419780000000e+05         -8.595719630000000e-01        
5.062426530000000e+06         4.038471620000000e+05         -9.674319760000000e-01        
5.062382300000000e+06         4.038141380000000e+05         -6.744028840000000e-01        
5.062423870000000e+06         4.038578570000000e+05         -9.140346610000000e-01        
5.062357080000000e+06         4.038304010000000e+05         -7.728851950000000e-01        
5.062417210000000e+06         4.038525760000000e+05         -9.579638250000000e-01        
5.062353670000000e+06         4.038664070000000e+05         -8.759418010000000e-01        
5.062376780000000e+06         4.038244340000000e+05         -8.426592030000000e-01        
5.062360710000000e+06         4.038576180000000e+05         -1.009868600000000e+00        
5.062368820000000e+06         4.038355160000000e+05         -1.012848910000000e+00        
5.062365130000000e+06         4.038508600000000e+05         -1.053749010000000e+00        
5.062369080000000e+06         4.038433680000000e+05         -1.060539740000000e+00        
