5.062453960000000e+06         4.039314830000000e+05         -2.593927479762329e-01        
5.062510110000000e+06         4.038902250000000e+05         -2.004223463758749e-01        
5.062494630000000e+06         4.038937930000000e+05         -2.372257536389919e-01        
5.062499040000000e+06         4.038816310000000e+05         -2.278762201967949e-01        
5.062516540000000e+06         4.038768670000000e+05         -1.861078639623332e-01        
5.062463720000000e+06         4.039008620000000e+05         -3.400574687786673e-01        
5.062482110000000e+06         4.038898000000000e+05         -3.470331396370274e-01        
5.062504500000000e+06         4.038688720000000e+05         -2.722258542030832e-01        
5.062519580000000e+06         4.038568050000000e+05         -2.677348739669028e-01        
5.062441500000000e+06         4.039051340000000e+05         -5.040633508059618e-01        
5.062490900000000e+06         4.038647890000000e+05         -3.800574372834979e-01        
5.062468690000000e+06         4.038800960000000e+05         -4.978287403159478e-01        
5.062457650000000e+06         4.038843400000000e+05         -4.972060501952054e-01        
5.062449690000000e+06         4.038781280000000e+05         -5.291660871792548e-01        
5.062528710000000e+06         4.038409080000000e+05         -3.745476284523752e-01        
5.062471110000000e+06         4.038715700000000e+05         -5.115895067461086e-01        
5.062510110000000e+06         4.038528010000000e+05         -3.967164308425495e-01        
5.062518800000000e+06         4.038318570000000e+05         -3.704462582943738e-01        
5.062511760000000e+06         4.038460660000000e+05         -4.132606805353739e-01        
5.062529710000000e+06         4.038322870000000e+05         -3.850546164230580e-01        
5.062534340000000e+06         4.038207140000000e+05         -3.153934030373388e-01        
5.062522720000000e+06         4.038210520000000e+05         -3.623981666476883e-01        
5.062301090000000e+06         4.038692870000000e+05         -1.866710233990905e-01        
5.062523410000000e+06         4.038142510000000e+05         -3.375773764009899e-01        
5.062322930000000e+06         4.037810970000000e+05         -2.855240484654049e-02        
5.062481540000000e+06         4.038401380000000e+05         -5.376232496369802e-01        
5.062295760000000e+06         4.037891920000000e+05         -2.789063925662151e-02        
5.062337520000000e+06         4.038978190000000e+05         -3.474639038720111e-01        
5.062321440000000e+06         4.037968800000000e+05         -1.188669386183522e-01        
5.062508540000000e+06         4.038036980000000e+05         -3.223935716866655e-01        
5.062474250000000e+06         4.038507460000000e+05         -5.613272990795399e-01        
5.062492190000000e+06         4.037856590000000e+05         -2.629222507079751e-01        
5.062499720000000e+06         4.038298210000000e+05         -4.955092736189283e-01        
5.062393780000000e+06         4.039038560000000e+05         -5.525046295209139e-01        
5.062501480000000e+06         4.038144640000000e+05         -4.213214790398089e-01        
5.062488730000000e+06         4.038185860000000e+05         -4.658270658328408e-01        
5.062302750000000e+06         4.037937600000000e+05         -1.001483960035934e-01        
5.062467980000000e+06         4.037958680000000e+05         -3.694784081175272e-01        
5.062468720000000e+06         4.038477140000000e+05         -6.144822644755735e-01        
5.062491760000000e+06         4.038316310000000e+05         -5.064407673406072e-01        
5.062487970000000e+06         4.038017680000000e+05         -3.820875623614381e-01        
5.062476250000000e+06         4.038165350000000e+05         -4.896062411651543e-01        
5.062442770000000e+06         4.038701530000000e+05         -6.554312018445244e-01        
5.062495820000000e+06         4.038227300000000e+05         -4.756811540441995e-01        
5.062345850000000e+06         4.038762770000000e+05         -4.311860567394261e-01        
5.062453870000000e+06         4.038036440000000e+05         -4.254458107046329e-01        
5.062388070000000e+06         4.037675840000000e+05         -1.790182719678196e-01        
5.062316310000000e+06         4.037945020000000e+05         -1.990690202908371e-01        
5.062313900000000e+06         4.038538800000000e+05         -3.412935374223380e-01        
5.062364380000000e+06         4.038980260000000e+05         -5.574483158977994e-01        
5.062461380000000e+06         4.038432560000000e+05         -6.707932378237097e-01        
5.062456840000000e+06         4.038471170000000e+05         -6.904754744328613e-01        
5.062434480000000e+06         4.037535920000000e+05         -1.653160995881462e-01        
5.062406210000000e+06         4.037476540000000e+05         -1.659262691210349e-01        
5.062468390000000e+06         4.037554790000000e+05         -1.509269034458913e-01        
5.062380270000000e+06         4.037852430000000e+05         -3.243551729191009e-01        
5.062472940000000e+06         4.038334060000000e+05         -5.933832589424766e-01        
5.062320290000000e+06         4.038462480000000e+05         -3.956908219460368e-01        
5.062339950000000e+06         4.038035300000000e+05         -3.602281280536149e-01        
5.062398730000000e+06         4.037914460000000e+05         -3.954582059004954e-01        
5.062453170000000e+06         4.038379480000000e+05         -7.145760449574371e-01        
5.062445520000000e+06         4.038322330000000e+05         -7.400620221048414e-01        
5.062429590000000e+06         4.038536320000000e+05         -9.112464823444750e-01        
5.062432690000000e+06         4.038419780000000e+05         -8.833840413433992e-01        
5.062426530000000e+06         4.038471620000000e+05         -9.340750712118744e-01        
5.062382300000000e+06         4.038141380000000e+05         -6.769332978271997e-01        
5.062423870000000e+06         4.038578570000000e+05         -9.375245953862784e-01        
5.062357080000000e+06         4.038304010000000e+05         -7.821308505097440e-01        
5.062417210000000e+06         4.038525760000000e+05         -9.743100505167713e-01        
5.062353670000000e+06         4.038664070000000e+05         -8.407934790035836e-01        
5.062376780000000e+06         4.038244340000000e+05         -8.453739427206696e-01        
5.062360710000000e+06         4.038576180000000e+05         -1.020356398530582e+00        
5.062368820000000e+06         4.038355160000000e+05         -9.963116036504062e-01        
5.062365130000000e+06         4.038508600000000e+05         -1.060857499384624e+00        
5.062369080000000e+06         4.038433680000000e+05         -1.062464553212841e+00        
