                   lambda                   misfit
     1.00000000000000e+03     2.74664189551498e+01
     6.00000000000000e+02     2.48612200266083e+01
     3.60000000000000e+02     2.30282472810150e+01
     2.16000000000000e+02     2.14951467068341e+01
     1.29600000000000e+02     2.04792090513904e+01
     7.77600000000000e+01     1.98083431802177e+01
     4.66560000000000e+01     1.91233232817439e+01
     2.79936000000000e+01     1.83214424950560e+01
     1.67961600000000e+01     1.74214152164769e+01
     1.00776960000000e+01     1.63682946603792e+01
     6.04661760000000e+00     1.53042584416865e+01
     3.62797056000000e+00     1.44822941185014e+01
     2.17678233600000e+00     1.37286618379814e+01
     1.30606940160000e+00     1.28896648291714e+01
     7.83641640960000e-01     1.19823793925504e+01
     4.70184984576000e-01     1.10391525954142e+01
     2.82110990745600e-01     1.01192083966872e+01
     1.69266594447360e-01     9.19932307065836e+00
     1.01559956668416e-01     8.40706243930154e+00
     6.09359740010496e-02     7.88180707392932e+00
     3.65615844006297e-02     7.60091629337964e+00
     2.19369506403778e-02     7.41416156042101e+00
     1.31621703842267e-02     7.09548021247341e+00
     7.89730223053602e-03     6.61227428702768e+00
     4.73838133832161e-03     6.13039886423996e+00
     2.84302880299297e-03     5.72236170229035e+00
     1.70581728179578e-03     5.18629255565182e+00
     1.02349036907747e-03     4.76646775764689e+00
     6.14094221446481e-04     4.33011743055681e+00
     3.68456532867889e-04     4.26026405283271e+00
     1.70581728179578e-03     4.34145459603496e+00
     1.02349036907747e-03     2.71721886632077e+00
     6.14094221446481e-04     2.57714439277051e+00
     3.68456532867889e-04     2.36711012748773e+00
     2.21073919720733e-04     2.24670649834125e+00
     1.32644351832440e-04     2.44938422298910e+00
     7.95866110994639e-05     4.90231807429831e+00
     1.02349036907747e-03     3.23206380691735e+00
     6.14094221446481e-04     2.50247799471417e+00
     3.68456532867889e-04     2.28400540501854e+00
     2.21073919720733e-04     1.99968819863064e+00
     1.32644351832440e-04     1.75564132215971e+00
     7.95866110994639e-05     1.56049365426521e+00
     4.77519666596784e-05     1.41671326167785e+00
     2.86511799958070e-05     1.21251173558743e+00
     1.71907079974842e-05     1.18101572111796e+00
     1.03144247984905e-05     9.82435229924693e-01
