0 0.00 0.017923776235
50 0.00 0.0190557042079
100 0.00 0.0192820895463
150 0.00 0.0450813147472
200 0.00 -0.187111712061
250 0.00 -0.419304738869
300 0.00 -0.393505513668
350 0.00 -0.417167810723
400 0.00 -0.204207137227
450 0.00 -0.00075317081064
500 0.00 0.0611448958516
550 0.00 1.86877756938
600 0.00 -13.639370136
650 0.00 -28.5436720317
700 0.00 -32.1715862751
750 0.00 -37.8005029485
800 0.00 -34.6982381493
850 0.00 -32.5770892948
900 0.00 -29.3725069761
950 0.00 -26.8054185733
1000 0.00 -18.9469003677
1050 0.00 -11.6379274316
1100 0.00 -4.12493118644
1150 0.00 3.76372788101
1200 0.00 7.69171021134
1250 0.00 12.7416323572
1300 0.00 10.5353158079
1350 0.00 8.68081523851
1400 0.00 10.5631246902
1450 0.00 12.7734934539
1500 0.00 7.96733658761
1550 0.00 3.48507805169
1600 0.00 2.77827447653
1650 0.00 1.69199920073
1700 0.00 0.62500718236
1750 0.00 -0.602377738105
1800 0.00 -0.245116895065
1850 0.00 -0.0214710950386
1900 0.00 -0.0463206283748
1950 0.00 -0.0490936979186
2000 0.00 -0.0629590493045
0 50.00 0.017923776235
50 50.00 0.0190557042079
100 50.00 0.0192820895463
150 50.00 0.0450813147472
200 50.00 -0.187111712061
250 50.00 -0.419304738869
300 50.00 -0.393505513668
350 50.00 -0.417167810723
400 50.00 -0.204207137227
450 50.00 -0.00075317081064
500 50.00 0.0611448958516
550 50.00 1.86877756938
600 50.00 -13.639370136
650 50.00 -28.5436720317
700 50.00 -32.1715862751
750 50.00 -37.8005029485
800 50.00 -34.6982381493
850 50.00 -32.5770892948
900 50.00 -29.3725069761
950 50.00 -26.8054185733
1000 50.00 -18.9469003677
1050 50.00 -11.6379274316
1100 50.00 -4.12493118644
1150 50.00 3.76372788101
1200 50.00 7.69171021134
1250 50.00 12.7416323572
1300 50.00 10.5353158079
1350 50.00 8.68081523851
1400 50.00 10.5631246902
1450 50.00 12.7734934539
1500 50.00 7.96733658761
1550 50.00 3.48507805169
1600 50.00 2.77827447653
1650 50.00 1.69199920073
1700 50.00 0.62500718236
1750 50.00 -0.602377738105
1800 50.00 -0.245116895065
1850 50.00 -0.0214710950386
1900 50.00 -0.0463206283748
1950 50.00 -0.0490936979186
2000 50.00 -0.0629590493045
0 100.00 0.017923776235
50 100.00 0.0190557042079
100 100.00 0.0192820895463
150 100.00 0.0450813147472
200 100.00 -0.187111712061
250 100.00 -0.419304738869
300 100.00 -0.393505513668
350 100.00 -0.417167810723
400 100.00 -0.204207137227
450 100.00 -0.00075317081064
500 100.00 0.0611448958516
550 100.00 1.85024071857
600 100.00 -13.4910583571
650 100.00 -28.2364795422
700 100.00 -31.8128952682
750 100.00 -37.3665752709
800 100.00 -34.3178411871
850 100.00 -32.2209658623
900 100.00 -29.2024545223
950 100.00 -26.8266731203
1000 100.00 -18.9469003677
1050 100.00 -11.6379274316
1100 100.00 -4.12493118644
1150 100.00 3.78187274188
1200 100.00 7.54621826857
1250 100.00 12.4184718393
1300 100.00 10.3894846439
1350 100.00 8.69545189664
1400 100.00 10.5260806419
1450 100.00 12.6984337308
1500 100.00 7.93439713493
1550 100.00 3.48921016604
1600 100.00 2.77827447653
1650 100.00 1.69199920073
1700 100.00 0.62500718236
1750 100.00 -0.602377738105
1800 100.00 -0.245116895065
1850 100.00 -0.0214710950386
1900 100.00 -0.0463206283748
1950 100.00 -0.0490936979186
2000 100.00 -0.0629590493045
0 150.00 0.017923776235
50 150.00 0.0190557042079
100 150.00 0.0192820895463
150 150.00 0.0450813147472
200 150.00 -0.187111712061
250 150.00 -0.419304738869
300 150.00 -0.393505513668
350 150.00 -0.980569984764
400 150.00 4.3030102551
450 150.00 9.54459929094
500 150.00 9.33545565605
550 150.00 -7.22040069103
600 150.00 145.14156574
650 150.00 294.220263273
700 150.00 307.217442453
750 150.00 342.549100518
800 150.00 290.619168341
850 150.00 249.578285187
900 150.00 186.863313854
950 150.00 124.962689405
1000 150.00 75.7936349511
1050 150.00 26.8400293626
1100 150.00 -35.9918446839
1150 150.00 -96.8910749648
1200 150.00 -163.379774511
1250 150.00 -235.77043587
1300 150.00 -243.518487692
1350 150.00 -260.183338463
1400 150.00 -252.354922593
1450 150.00 -259.21997343
1500 150.00 -143.63505277
1550 150.00 -29.8486278784
1600 150.00 -20.5494319648
1650 150.00 1.89329618588
1700 150.00 -2.6275049001
1750 150.00 -4.95534213004
1800 150.00 -2.2491288539
1850 150.00 0.229030399816
1900 150.00 -0.0463206283748
1950 150.00 -0.0490936979186
2000 150.00 -0.0629590493045
0 200.00 0.017923776235
50 200.00 0.0190557042079
100 200.00 0.0192820895463
150 200.00 0.0450813147472
200 200.00 -0.187111712061
250 200.00 -0.419304738869
300 200.00 -0.393505513668
350 200.00 -0.980569984764
400 200.00 4.3030102551
450 200.00 9.54459929094
500 200.00 9.33545565605
550 200.00 -7.26972091198
600 200.00 145.536094785
650 200.00 295.06971392
700 200.00 307.921131611
750 200.00 343.125263691
800 200.00 291.485556841
850 200.00 250.267401934
900 200.00 191.649340063
950 200.00 134.043705201
1000 200.00 83.7387592643
1050 200.00 34.5788033493
1100 200.00 -33.3636259884
1150 200.00 -99.495336229
1200 200.00 -164.905831754
1250 200.00 -236.828751266
1300 200.00 -244.373268545
1350 200.00 -260.764464259
1400 200.00 -253.054044664
1450 200.00 -259.937169269
1500 200.00 -144.963792458
1550 200.00 -31.9157987516
1600 200.00 -21.4900109172
1650 200.00 2.01086233929
1700 200.00 -2.6275049001
1750 200.00 -4.95534213004
1800 200.00 -2.2491288539
1850 200.00 0.229030399816
1900 200.00 -0.0463206283748
1950 200.00 -0.0490936979186
2000 200.00 -0.0629590493045
0 250.00 0.455171177164
50 250.00 0.389647590928
100 250.00 0.37654286623
150 250.00 0.418529899791
200 250.00 0.040646597743
250 250.00 -0.337236704305
300 250.00 -0.295249670744
350 250.00 -3.53952176683
400 250.00 25.6589270979
450 250.00 53.8367333245
500 250.00 59.7782449722
550 250.00 55.65896523
600 250.00 174.383893967
650 250.00 294.088650942
700 250.00 281.150917053
750 250.00 283.517534733
800 250.00 265.483127594
850 250.00 251.288147688
900 250.00 219.099880457
950 250.00 199.321344532
1000 250.00 73.4426221475
1050 250.00 -55.2965615168
1100 250.00 -49.3247404322
1150 250.00 -44.5744095445
1200 250.00 -162.330290318
1250 250.00 -280.901085973
1300 250.00 -268.816277027
1350 250.00 -270.800086737
1400 250.00 -262.753456116
1450 250.00 -259.873780549
1500 250.00 -215.354960322
1550 250.00 -180.613185719
1600 250.00 -89.7433686256
1650 250.00 6.25611954927
1700 250.00 -5.16587650776
1750 250.00 -6.34996105358
1800 250.00 -2.49170950055
1850 250.00 1.28156068549
1900 250.00 0.862308442593
1950 250.00 0.880928830244
2000 250.00 0.974030804122
0 300.00 0.455171177164
50 300.00 0.389647590928
100 300.00 0.37654286623
150 300.00 0.418529899791
200 300.00 0.040646597743
250 300.00 -0.337236704305
300 300.00 -0.295249670744
350 300.00 -3.53952176683
400 300.00 25.6589270979
450 300.00 53.8367333245
500 300.00 59.7782449722
550 300.00 55.65896523
600 300.00 174.383893967
650 300.00 294.088650942
700 300.00 281.150917053
750 300.00 283.517534733
800 300.00 265.483127594
850 300.00 251.232531369
900 300.00 219.54494971
950 300.00 200.425012112
1000 300.00 73.0558783859
1050 300.00 -57.2221971005
1100 300.00 -50.1566770524
1150 300.00 -44.4325541407
1200 300.00 -162.633278847
1250 300.00 -281.583588004
1300 300.00 -269.11995697
1350 300.00 -270.762135386
1400 300.00 -262.753456116
1450 300.00 -259.829447091
1500 300.00 -215.709597528
1550 300.00 -181.411462083
1600 300.00 -90.098310411
1650 300.00 6.30048346519
1700 300.00 -5.16587650776
1750 300.00 -6.34996105358
1800 300.00 -2.49170950055
1850 300.00 1.28156068549
1900 300.00 0.862308442593
1950 300.00 0.880928830244
2000 300.00 0.974030804122
0 350.00 0.455171177164
50 350.00 0.389647590928
100 350.00 0.37654286623
150 350.00 0.418529899791
200 350.00 0.040646597743
250 350.00 -0.337236704305
300 350.00 -0.295249670744
350 350.00 -4.73616380803
400 350.00 35.2320634276
450 350.00 74.1351291966
500 350.00 79.2806682587
550 350.00 84.5122494698
600 350.00 122.640935898
650 350.00 161.803501844
700 350.00 157.730167389
750 350.00 157.314066887
800 350.00 163.561527252
850 350.00 169.981604099
900 350.00 168.012098372
950 350.00 179.509061635
1000 350.00 64.7167496085
1050 350.00 -48.6532632709
1100 350.00 -49.9428243637
1150 350.00 -53.28914994
1200 350.00 -148.148397148
1250 350.00 -245.197215259
1300 350.00 -228.840217412
1350 350.00 -225.700910807
1400 350.00 -203.787693024
1450 350.00 -181.224463463
1500 350.00 -183.93529129
1550 350.00 -195.287260041
1600 350.00 -94.9537621737
1650 350.00 5.54685606062
1700 350.00 -7.30919599533
1750 350.00 -9.62537224218
1800 350.00 -3.98363628983
1850 350.00 1.46805153415
1900 350.00 0.862308442593
1950 350.00 0.880928830244
2000 350.00 0.974030804122
0 400.00 0.455171177164
50 400.00 0.389647590928
100 400.00 0.37654286623
150 400.00 0.418529899791
200 400.00 0.040646597743
250 400.00 -0.337236704305
300 400.00 -0.295249670744
350 400.00 -4.73616380803
400 400.00 35.2320634276
450 400.00 74.1351291966
500 400.00 79.2806682587
550 400.00 84.5122494698
600 400.00 122.640935898
650 400.00 161.803501844
700 400.00 157.730167389
750 400.00 157.314066887
800 400.00 163.561527252
850 400.00 169.970334172
900 400.00 168.102284968
950 400.00 179.711675704
1000 400.00 64.8066644073
1050 400.00 -48.6645060182
1100 400.00 -49.9428243637
1150 400.00 -53.0851746798
1200 400.00 -149.778658092
1250 400.00 -248.882640183
1300 400.00 -230.485889733
1350 400.00 -225.495394409
1400 400.00 -203.787693024
1450 400.00 -181.224463463
1500 400.00 -183.93529129
1550 400.00 -195.287260041
1600 400.00 -94.9537621737
1650 400.00 5.54685606062
1700 400.00 -7.30919599533
1750 400.00 -9.62537224218
1800 400.00 -3.98363628983
1850 400.00 1.46805153415
1900 400.00 0.862308442593
1950 400.00 0.880928830244
2000 400.00 0.974030804122
0 450.00 -1.39324729051
50 450.00 -1.39939983003
100 450.00 -1.40063035488
150 450.00 -1.40092826635
200 450.00 -1.39824706316
250 450.00 -1.39556585997
300 450.00 -1.39586377144
350 450.00 -4.30729134381
400 450.00 21.8955568075
450 450.00 48.0984049588
500 450.00 45.1869773865
550 450.00 44.7352669239
600 450.00 48.800661087
650 450.00 52.8670957088
700 450.00 52.4060211182
750 450.00 52.9587422609
800 450.00 47.9010152817
850 450.00 42.8351111412
900 450.00 43.4614267349
950 450.00 48.2017350197
1000 450.00 6.10989665985
1050 450.00 -35.9748049974
1100 450.00 -31.2987270355
1150 450.00 -28.8348847628
1200 450.00 -51.0094652176
1250 450.00 -73.1836408377
1300 450.00 -70.7234420776
1350 450.00 -70.7698512077
1400 450.00 -70.3845558167
1450 450.00 -70.0258903503
1500 450.00 -69.8326301575
1550 450.00 -73.8836429864
1600 450.00 -35.3265203238
1650 450.00 3.25682742894
1700 450.00 -1.03021121025
1750 450.00 -1.07912821509
1800 450.00 -0.638875171542
1850 450.00 -0.198622127995
1900 450.00 -0.247539132833
1950 450.00 -0.245247205254
2000 450.00 -0.233787586098
0 500.00 -1.39324729051
50 500.00 -1.39939983003
100 500.00 -1.40063035488
150 500.00 -1.40092826635
200 500.00 -1.39824706316
250 500.00 -1.39556585997
300 500.00 -1.39586377144
350 500.00 -4.30729134381
400 500.00 21.8955568075
450 500.00 48.0984049588
500 500.00 45.1869773865
550 500.00 44.7352669239
600 500.00 48.800661087
650 500.00 52.8670957088
700 500.00 52.4060211182
750 500.00 52.9587422609
800 500.00 47.9010152817
850 500.00 42.8351111412
900 500.00 43.4614267349
950 500.00 48.2017350197
1000 500.00 6.10989665985
1050 500.00 -35.9748049974
1100 500.00 -31.2987270355
1150 500.00 -28.8348847628
1200 500.00 -51.0094652176
1250 500.00 -73.1836408377
1300 500.00 -70.7234420776
1350 500.00 -70.7698512077
1400 500.00 -70.3845558167
1450 500.00 -70.0258903503
1500 500.00 -69.8326301575
1550 500.00 -73.8836429864
1600 500.00 -35.3265203238
1650 500.00 3.25682742894
1700 500.00 -1.03021121025
1750 500.00 -1.07912821509
1800 500.00 -0.638875171542
1850 500.00 -0.198622127995
1900 500.00 -0.247539132833
1950 500.00 -0.245247205254
2000 500.00 -0.233787586098
0 550.00 -1.39324729051
50 550.00 -1.39939983003
100 550.00 -1.40063035488
150 550.00 -1.40092826635
200 550.00 -1.39824706316
250 550.00 -1.39556585997
300 550.00 -1.39586377144
350 550.00 -4.30729134381
400 550.00 21.8955568075
450 550.00 48.0984049588
500 550.00 45.1869773865
550 550.00 44.428869009
600 550.00 51.2518444061
650 550.00 58.0747935772
700 550.00 57.3169212341
750 550.00 57.8884782791
800 550.00 52.7465629578
850 550.00 47.6064845324
900 550.00 48.1615095139
950 550.00 53.1105729342
1000 550.00 8.42414855957
1050 550.00 -36.2640864849
1100 550.00 -31.2987270355
1150 550.00 -29.2120190859
1200 550.00 -47.9923906326
1250 550.00 -66.7759166956
1300 550.00 -64.6608181
1350 550.00 -64.6283946037
1400 550.00 -64.6678447723
1450 550.00 -64.717443943
1500 550.00 -64.5936794281
1550 550.00 -68.4400127679
1600 550.00 -32.758731246
1650 550.00 2.93585379422
1700 550.00 -1.03021121025
1750 550.00 -1.07912821509
1800 550.00 -0.638875171542
1850 550.00 -0.198622127995
1900 550.00 -0.247539132833
1950 550.00 -0.245247205254
2000 550.00 -0.233787586098
0 600.00 -1.39324729051
50 600.00 -1.39939983003
100 600.00 -1.40063035488
150 600.00 -1.40092826635
200 600.00 -1.39824706316
250 600.00 -1.39556585997
300 600.00 -1.39586377144
350 600.00 -4.30729134381
400 600.00 21.8955568075
450 600.00 48.0984049588
500 600.00 45.1869773865
550 600.00 44.428869009
600 600.00 51.2518444061
650 600.00 58.0747935772
700 600.00 57.3169212341
750 600.00 57.8884782791
800 600.00 52.7465629578
850 600.00 47.6064845324
900 600.00 48.1615095139
950 600.00 53.1105729342
1000 600.00 8.42414855957
1050 600.00 -36.2640864849
1100 600.00 -31.2987270355
1150 600.00 -29.2120190859
1200 600.00 -47.9923906326
1250 600.00 -66.7759166956
1300 600.00 -64.6608181
1350 600.00 -64.6283946037
1400 600.00 -64.6678447723
1450 600.00 -64.717443943
1500 600.00 -64.5936794281
1550 600.00 -68.4400127679
1600 600.00 -32.758731246
1650 600.00 2.93585379422
1700 600.00 -1.03021121025
1750 600.00 -1.07912821509
1800 600.00 -0.638875171542
1850 600.00 -0.198622127995
1900 600.00 -0.247539132833
1950 600.00 -0.245247205254
2000 600.00 -0.233787586098
0 650.00 -1.67791320244
50 650.00 -1.68670078926
100 650.00 -1.68845832348
150 650.00 -1.66061273962
200 650.00 -1.91122299433
250 650.00 -2.16183324903
300 650.00 -2.13398766518
350 650.00 -2.99931372702
400 650.00 4.78862082958
450 650.00 12.5765553862
500 650.00 11.7112293243
550 650.00 11.7038065195
600 650.00 11.770611763
650 650.00 11.8374170065
700 650.00 11.8299942017
750 650.00 11.9989052415
800 650.00 10.478705883
850 650.00 8.95850652456
900 650.00 9.12741756439
950 650.00 10.4337632656
1000 650.00 -1.32334804535
1050 650.00 -13.0804593563
1100 650.00 -11.7741136551
1150 650.00 -11.6665961146
1200 650.00 -12.6342539787
1250 650.00 -13.6019118428
1300 650.00 -13.4943943024
1350 650.00 -13.5018061399
1400 650.00 -13.4350996017
1450 650.00 -13.3683930635
1500 650.00 -13.3758049011
1550 650.00 -14.1078719571
1600 650.00 -7.51926845312
1650 650.00 -0.930664949119
1700 650.00 -1.66273200512
1750 650.00 -1.660223037
1800 650.00 -1.68280375004
1850 650.00 -1.70538446307
1900 650.00 -1.70287549496
1950 650.00 -1.71248110197
2000 650.00 -1.76050921949
0 700.00 -1.67791320244
50 700.00 -1.68670078926
100 700.00 -1.68845832348
150 700.00 -1.66061273962
200 700.00 -1.91122299433
250 700.00 -2.16183324903
300 700.00 -2.13398766518
350 700.00 -2.99931372702
400 700.00 4.78862082958
450 700.00 12.5765553862
500 700.00 11.7112293243
550 700.00 11.7038065195
600 700.00 11.770611763
650 700.00 11.8374170065
700 700.00 11.8299942017
750 700.00 11.9989052415
800 700.00 10.478705883
850 700.00 8.95850652456
900 700.00 9.12741756439
950 700.00 10.4337632656
1000 700.00 -1.32334804535
1050 700.00 -13.0804593563
1100 700.00 -11.7741136551
1150 700.00 -11.6665961146
1200 700.00 -12.6342539787
1250 700.00 -13.6019118428
1300 700.00 -13.4943943024
1350 700.00 -13.5018061399
1400 700.00 -13.4350996017
1450 700.00 -13.3683930635
1500 700.00 -13.3758049011
1550 700.00 -14.1078719571
1600 700.00 -7.51926845312
1650 700.00 -0.930664949119
1700 700.00 -1.66273200512
1750 700.00 -1.660223037
1800 700.00 -1.68280375004
1850 700.00 -1.70538446307
1900 700.00 -1.70287549496
1950 700.00 -1.71248110197
2000 700.00 -1.76050921949
0 750.00 -1.67791320244
50 750.00 -1.68670078926
100 750.00 -1.68845832348
150 750.00 -1.66061273962
200 750.00 -1.91122299433
250 750.00 -2.16183324903
300 750.00 -2.13398766518
350 750.00 -2.99931372702
400 750.00 4.78862082958
450 750.00 12.5765553862
500 750.00 11.7112293243
550 750.00 11.7038065195
600 750.00 11.770611763
650 750.00 11.8374170065
700 750.00 11.8299942017
750 750.00 11.9989052415
800 750.00 10.478705883
850 750.00 8.95850652456
900 750.00 9.12741756439
950 750.00 10.4337632656
1000 750.00 -1.32334804535
1050 750.00 -13.0804593563
1100 750.00 -11.7741136551
1150 750.00 -11.6665961146
1200 750.00 -12.6342539787
1250 750.00 -13.6019118428
1300 750.00 -13.4943943024
1350 750.00 -13.5018061399
1400 750.00 -13.4350996017
1450 750.00 -13.3683930635
1500 750.00 -13.3758049011
1550 750.00 -14.1078719571
1600 750.00 -7.51926845312
1650 750.00 -0.930664949119
1700 750.00 -1.66273200512
1750 750.00 -1.660223037
1800 750.00 -1.68280375004
1850 750.00 -1.70538446307
1900 750.00 -1.70287549496
1950 750.00 -1.71248110197
2000 750.00 -1.76050921949
0 800.00 -1.67791320244
50 800.00 -1.68670078926
100 800.00 -1.68845832348
150 800.00 -1.66061273962
200 800.00 -1.91122299433
250 800.00 -2.16183324903
300 800.00 -2.13398766518
350 800.00 -2.99931372702
400 800.00 4.78862082958
450 800.00 12.5765553862
500 800.00 11.7112293243
550 800.00 11.7038065195
600 800.00 11.770611763
650 800.00 11.8374170065
700 800.00 11.8299942017
750 800.00 11.9989052415
800 800.00 10.478705883
850 800.00 8.95850652456
900 800.00 9.12741756439
950 800.00 10.4337632656
1000 800.00 -1.32334804535
1050 800.00 -13.0804593563
1100 800.00 -11.7741136551
1150 800.00 -11.6665961146
1200 800.00 -12.6342539787
1250 800.00 -13.6019118428
1300 800.00 -13.4943943024
1350 800.00 -13.5018061399
1400 800.00 -13.4350996017
1450 800.00 -13.3683930635
1500 800.00 -13.3758049011
1550 800.00 -14.1078719571
1600 800.00 -7.51926845312
1650 800.00 -0.930664949119
1700 800.00 -1.66273200512
1750 800.00 -1.660223037
1800 800.00 -1.68280375004
1850 800.00 -1.70538446307
1900 800.00 -1.70287549496
1950 800.00 -1.71248110197
2000 800.00 -1.76050921949
0 850.00 -2.03559866454
50 850.00 -2.04432667792
100 850.00 -2.04607224464
150 850.00 -2.04010766745
200 850.00 -2.09378886223
250 850.00 -2.14747005701
300 850.00 -2.14150547981
350 850.00 -3.21824844182
400 850.00 6.47243821621
450 850.00 16.1631248742
500 850.00 15.0863819122
550 850.00 15.0925905108
600 850.00 15.0367131233
650 850.00 14.9808357358
700 850.00 14.9870443344
750 850.00 15.364801228
800 850.00 11.9649891853
850 850.00 8.56517714262
900 850.00 8.94293403625
950 850.00 10.4473471642
1000 850.00 -3.09237098694
1050 850.00 -16.632089138
1100 850.00 -15.1276760101
1150 850.00 -14.9874572754
1200 850.00 -16.2494258881
1250 850.00 -17.5113945007
1300 850.00 -17.371175766
1350 850.00 -17.3807677031
1400 850.00 -17.2944402695
1450 850.00 -17.2081128359
1500 850.00 -17.2177047729
1550 850.00 -18.1601581275
1600 850.00 -9.67807793617
1650 850.00 -1.1959977448
1700 850.00 -2.1384510994
1750 850.00 -2.13637384772
1800 850.00 -2.15506911278
1850 850.00 -2.17376437783
1900 850.00 -2.17168712616
1950 850.00 -2.18264136463
2000 850.00 -2.23741256353
0 900.00 -2.03559866454
50 900.00 -2.04432667792
100 900.00 -2.04607224464
150 900.00 -2.04010766745
200 900.00 -2.09378886223
250 900.00 -2.14747005701
300 900.00 -2.14150547981
350 900.00 -3.21824844182
400 900.00 6.47243821621
450 900.00 16.1631248742
500 900.00 15.0863819122
550 900.00 15.0925905108
600 900.00 15.0367131233
650 900.00 14.9808357358
700 900.00 14.9870443344
750 900.00 15.364801228
800 900.00 11.9649891853
850 900.00 8.56517714262
900 900.00 8.94293403625
950 900.00 10.4473471642
1000 900.00 -3.09237098694
1050 900.00 -16.632089138
1100 900.00 -15.1276760101
1150 900.00 -14.9874572754
1200 900.00 -16.2494258881
1250 900.00 -17.5113945007
1300 900.00 -17.371175766
1350 900.00 -17.3807677031
1400 900.00 -17.2944402695
1450 900.00 -17.2081128359
1500 900.00 -17.2177047729
1550 900.00 -18.1601581275
1600 900.00 -9.67807793617
1650 900.00 -1.1959977448
1700 900.00 -2.1384510994
1750 900.00 -2.13637384772
1800 900.00 -2.15506911278
1850 900.00 -2.17376437783
1900 900.00 -2.17168712616
1950 900.00 -2.18264136463
2000 900.00 -2.23741256353
0 950.00 -2.03559866454
50 950.00 -2.04432667792
100 950.00 -2.04607224464
150 950.00 -2.04010766745
200 950.00 -2.09378886223
250 950.00 -2.14747005701
300 950.00 -2.14150547981
350 950.00 -3.21824844182
400 950.00 6.47243821621
450 950.00 16.1631248742
500 950.00 15.0863819122
550 950.00 15.0925905108
600 950.00 15.0367131233
650 950.00 14.9808357358
700 950.00 14.9870443344
750 950.00 15.364801228
800 950.00 11.9649891853
850 950.00 8.56517714262
900 950.00 8.94293403625
950 950.00 10.4473471642
1000 950.00 -3.09237098694
1050 950.00 -16.632089138
1100 950.00 -15.1276760101
1150 950.00 -14.9874572754
1200 950.00 -16.2494258881
1250 950.00 -17.5113945007
1300 950.00 -17.371175766
1350 950.00 -17.3807677031
1400 950.00 -17.2944402695
1450 950.00 -17.2081128359
1500 950.00 -17.2177047729
1550 950.00 -18.1601581275
1600 950.00 -9.67807793617
1650 950.00 -1.1959977448
1700 950.00 -2.1384510994
1750 950.00 -2.13637384772
1800 950.00 -2.15506911278
1850 950.00 -2.17376437783
1900 950.00 -2.17168712616
1950 950.00 -2.18264136463
2000 950.00 -2.23741256353
0 1000.00 -2.03559866454
50 1000.00 -2.04432667792
100 1000.00 -2.04607224464
150 1000.00 -2.04010766745
200 1000.00 -2.09378886223
250 1000.00 -2.14747005701
300 1000.00 -2.14150547981
350 1000.00 -3.21824844182
400 1000.00 6.47243821621
450 1000.00 16.1631248742
500 1000.00 15.0863819122
550 1000.00 15.0925905108
600 1000.00 15.0367131233
650 1000.00 14.9808357358
700 1000.00 14.9870443344
750 1000.00 15.364801228
800 1000.00 11.9649891853
850 1000.00 8.56517714262
900 1000.00 8.94293403625
950 1000.00 10.4473471642
1000 1000.00 -3.09237098694
1050 1000.00 -16.632089138
1100 1000.00 -15.1276760101
1150 1000.00 -14.9874572754
1200 1000.00 -16.2494258881
1250 1000.00 -17.5113945007
1300 1000.00 -17.371175766
1350 1000.00 -17.3807677031
1400 1000.00 -17.2944402695
1450 1000.00 -17.2081128359
1500 1000.00 -17.2177047729
1550 1000.00 -18.1601581275
1600 1000.00 -9.67807793617
1650 1000.00 -1.1959977448
1700 1000.00 -2.1384510994
1750 1000.00 -2.13637384772
1800 1000.00 -2.15506911278
1850 1000.00 -2.17376437783
1900 1000.00 -2.17168712616
1950 1000.00 -2.18264136463
2000 1000.00 -2.23741256353
0 1050.00 -2.03559866454
50 1050.00 -2.04432667792
100 1050.00 -2.04607224464
150 1050.00 -2.04010766745
200 1050.00 -2.09378886223
250 1050.00 -2.14747005701
300 1050.00 -2.14150547981
350 1050.00 -3.21824844182
400 1050.00 6.47243821621
450 1050.00 16.1631248742
500 1050.00 15.0863819122
550 1050.00 15.0925905108
600 1050.00 15.0367131233
650 1050.00 14.9808357358
700 1050.00 14.9870443344
750 1050.00 15.364801228
800 1050.00 11.9649891853
850 1050.00 8.56517714262
900 1050.00 8.94293403625
950 1050.00 10.4473471642
1000 1050.00 -3.09237098694
1050 1050.00 -16.632089138
1100 1050.00 -15.1276760101
1150 1050.00 -14.9874572754
1200 1050.00 -16.2494258881
1250 1050.00 -17.5113945007
1300 1050.00 -17.371175766
1350 1050.00 -17.3807677031
1400 1050.00 -17.2944402695
1450 1050.00 -17.2081128359
1500 1050.00 -17.2177047729
1550 1050.00 -18.1601581275
1600 1050.00 -9.67807793617
1650 1050.00 -1.1959977448
1700 1050.00 -2.1384510994
1750 1050.00 -2.13637384772
1800 1050.00 -2.15506911278
1850 1050.00 -2.17376437783
1900 1050.00 -2.17168712616
1950 1050.00 -2.18264136463
2000 1050.00 -2.23741256353
0 1100.00 0
50 1100.00 0
100 1100.00 0
150 1100.00 0
200 1100.00 0
250 1100.00 0
300 1100.00 0
350 1100.00 0
400 1100.00 0
450 1100.00 0
500 1100.00 0
550 1100.00 0
600 1100.00 0
650 1100.00 0
700 1100.00 0
750 1100.00 0
800 1100.00 0
850 1100.00 0
900 1100.00 0
950 1100.00 0
1000 1100.00 0
1050 1100.00 0
1100 1100.00 0
1150 1100.00 0
1200 1100.00 0
1250 1100.00 0
1300 1100.00 0
1350 1100.00 0
1400 1100.00 0
1450 1100.00 0
1500 1100.00 0
1550 1100.00 0
1600 1100.00 0
1650 1100.00 0
1700 1100.00 0
1750 1100.00 0
1800 1100.00 0
1850 1100.00 0
1900 1100.00 0
1950 1100.00 0
2000 1100.00 0
0 1150.00 0
50 1150.00 0
100 1150.00 0
150 1150.00 0
200 1150.00 0
250 1150.00 0
300 1150.00 0
350 1150.00 0
400 1150.00 0
450 1150.00 0
500 1150.00 0
550 1150.00 0
600 1150.00 0
650 1150.00 0
700 1150.00 0
750 1150.00 0
800 1150.00 0
850 1150.00 0
900 1150.00 0
950 1150.00 0
1000 1150.00 0
1050 1150.00 0
1100 1150.00 0
1150 1150.00 0
1200 1150.00 0
1250 1150.00 0
1300 1150.00 0
1350 1150.00 0
1400 1150.00 0
1450 1150.00 0
1500 1150.00 0
1550 1150.00 0
1600 1150.00 0
1650 1150.00 0
1700 1150.00 0
1750 1150.00 0
1800 1150.00 0
1850 1150.00 0
1900 1150.00 0
1950 1150.00 0
2000 1150.00 0
0 1200.00 0
50 1200.00 0
100 1200.00 0
150 1200.00 0
200 1200.00 0
250 1200.00 0
300 1200.00 0
350 1200.00 0
400 1200.00 0
450 1200.00 0
500 1200.00 0
550 1200.00 0
600 1200.00 0
650 1200.00 0
700 1200.00 0
750 1200.00 0
800 1200.00 0
850 1200.00 0
900 1200.00 0
950 1200.00 0
1000 1200.00 0
1050 1200.00 0
1100 1200.00 0
1150 1200.00 0
1200 1200.00 0
1250 1200.00 0
1300 1200.00 0
1350 1200.00 0
1400 1200.00 0
1450 1200.00 0
1500 1200.00 0
1550 1200.00 0
1600 1200.00 0
1650 1200.00 0
1700 1200.00 0
1750 1200.00 0
1800 1200.00 0
1850 1200.00 0
1900 1200.00 0
1950 1200.00 0
2000 1200.00 0
0 1250.00 0
50 1250.00 0
100 1250.00 0
150 1250.00 0
200 1250.00 0
250 1250.00 0
300 1250.00 0
350 1250.00 0
400 1250.00 0
450 1250.00 0
500 1250.00 0
550 1250.00 0
600 1250.00 0
650 1250.00 0
700 1250.00 0
750 1250.00 0
800 1250.00 0
850 1250.00 0
900 1250.00 0
950 1250.00 0
1000 1250.00 0
1050 1250.00 0
1100 1250.00 0
1150 1250.00 0
1200 1250.00 0
1250 1250.00 0
1300 1250.00 0
1350 1250.00 0
1400 1250.00 0
1450 1250.00 0
1500 1250.00 0
1550 1250.00 0
1600 1250.00 0
1650 1250.00 0
1700 1250.00 0
1750 1250.00 0
1800 1250.00 0
1850 1250.00 0
1900 1250.00 0
1950 1250.00 0
2000 1250.00 0
0 1300.00 0
50 1300.00 0
100 1300.00 0
150 1300.00 0
200 1300.00 0
250 1300.00 0
300 1300.00 0
350 1300.00 0
400 1300.00 0
450 1300.00 0
500 1300.00 0
550 1300.00 0
600 1300.00 0
650 1300.00 0
700 1300.00 0
750 1300.00 0
800 1300.00 0
850 1300.00 0
900 1300.00 0
950 1300.00 0
1000 1300.00 0
1050 1300.00 0
1100 1300.00 0
1150 1300.00 0
1200 1300.00 0
1250 1300.00 0
1300 1300.00 0
1350 1300.00 0
1400 1300.00 0
1450 1300.00 0
1500 1300.00 0
1550 1300.00 0
1600 1300.00 0
1650 1300.00 0
1700 1300.00 0
1750 1300.00 0
1800 1300.00 0
1850 1300.00 0
1900 1300.00 0
1950 1300.00 0
2000 1300.00 0
0 1350.00 0
50 1350.00 0
100 1350.00 0
150 1350.00 0
200 1350.00 0
250 1350.00 0
300 1350.00 0
350 1350.00 0
400 1350.00 0
450 1350.00 0
500 1350.00 0
550 1350.00 0
600 1350.00 0
650 1350.00 0
700 1350.00 0
750 1350.00 0
800 1350.00 0
850 1350.00 0
900 1350.00 0
950 1350.00 0
1000 1350.00 0
1050 1350.00 0
1100 1350.00 0
1150 1350.00 0
1200 1350.00 0
1250 1350.00 0
1300 1350.00 0
1350 1350.00 0
1400 1350.00 0
1450 1350.00 0
1500 1350.00 0
1550 1350.00 0
1600 1350.00 0
1650 1350.00 0
1700 1350.00 0
1750 1350.00 0
1800 1350.00 0
1850 1350.00 0
1900 1350.00 0
1950 1350.00 0
2000 1350.00 0
0 1400.00 0
50 1400.00 0
100 1400.00 0
150 1400.00 0
200 1400.00 0
250 1400.00 0
300 1400.00 0
350 1400.00 0
400 1400.00 0
450 1400.00 0
500 1400.00 0
550 1400.00 0
600 1400.00 0
650 1400.00 0
700 1400.00 0
750 1400.00 0
800 1400.00 0
850 1400.00 0
900 1400.00 0
950 1400.00 0
1000 1400.00 0
1050 1400.00 0
1100 1400.00 0
1150 1400.00 0
1200 1400.00 0
1250 1400.00 0
1300 1400.00 0
1350 1400.00 0
1400 1400.00 0
1450 1400.00 0
1500 1400.00 0
1550 1400.00 0
1600 1400.00 0
1650 1400.00 0
1700 1400.00 0
1750 1400.00 0
1800 1400.00 0
1850 1400.00 0
1900 1400.00 0
1950 1400.00 0
2000 1400.00 0
0 1450.00 0
50 1450.00 0
100 1450.00 0
150 1450.00 0
200 1450.00 0
250 1450.00 0
300 1450.00 0
350 1450.00 0
400 1450.00 0
450 1450.00 0
500 1450.00 0
550 1450.00 0
600 1450.00 0
650 1450.00 0
700 1450.00 0
750 1450.00 0
800 1450.00 0
850 1450.00 0
900 1450.00 0
950 1450.00 0
1000 1450.00 0
1050 1450.00 0
1100 1450.00 0
1150 1450.00 0
1200 1450.00 0
1250 1450.00 0
1300 1450.00 0
1350 1450.00 0
1400 1450.00 0
1450 1450.00 0
1500 1450.00 0
1550 1450.00 0
1600 1450.00 0
1650 1450.00 0
1700 1450.00 0
1750 1450.00 0
1800 1450.00 0
1850 1450.00 0
1900 1450.00 0
1950 1450.00 0
2000 1450.00 0
0 1500.00 0
50 1500.00 0
100 1500.00 0
150 1500.00 0
200 1500.00 0
250 1500.00 0
300 1500.00 0
350 1500.00 0
400 1500.00 0
450 1500.00 0
500 1500.00 0
550 1500.00 0
600 1500.00 0
650 1500.00 0
700 1500.00 0
750 1500.00 0
800 1500.00 0
850 1500.00 0
900 1500.00 0
950 1500.00 0
1000 1500.00 0
1050 1500.00 0
1100 1500.00 0
1150 1500.00 0
1200 1500.00 0
1250 1500.00 0
1300 1500.00 0
1350 1500.00 0
1400 1500.00 0
1450 1500.00 0
1500 1500.00 0
1550 1500.00 0
1600 1500.00 0
1650 1500.00 0
1700 1500.00 0
1750 1500.00 0
1800 1500.00 0
1850 1500.00 0
1900 1500.00 0
1950 1500.00 0
2000 1500.00 0
0 1550.00 0
50 1550.00 0
100 1550.00 0
150 1550.00 0
200 1550.00 0
250 1550.00 0
300 1550.00 0
350 1550.00 0
400 1550.00 0
450 1550.00 0
500 1550.00 0
550 1550.00 0
600 1550.00 0
650 1550.00 0
700 1550.00 0
750 1550.00 0
800 1550.00 0
850 1550.00 0
900 1550.00 0
950 1550.00 0
1000 1550.00 0
1050 1550.00 0
1100 1550.00 0
1150 1550.00 0
1200 1550.00 0
1250 1550.00 0
1300 1550.00 0
1350 1550.00 0
1400 1550.00 0
1450 1550.00 0
1500 1550.00 0
1550 1550.00 0
1600 1550.00 0
1650 1550.00 0
1700 1550.00 0
1750 1550.00 0
1800 1550.00 0
1850 1550.00 0
1900 1550.00 0
1950 1550.00 0
2000 1550.00 0
0 1600.00 0
50 1600.00 0
100 1600.00 0
150 1600.00 0
200 1600.00 0
250 1600.00 0
300 1600.00 0
350 1600.00 0
400 1600.00 0
450 1600.00 0
500 1600.00 0
550 1600.00 0
600 1600.00 0
650 1600.00 0
700 1600.00 0
750 1600.00 0
800 1600.00 0
850 1600.00 0
900 1600.00 0
950 1600.00 0
1000 1600.00 0
1050 1600.00 0
1100 1600.00 0
1150 1600.00 0
1200 1600.00 0
1250 1600.00 0
1300 1600.00 0
1350 1600.00 0
1400 1600.00 0
1450 1600.00 0
1500 1600.00 0
1550 1600.00 0
1600 1600.00 0
1650 1600.00 0
1700 1600.00 0
1750 1600.00 0
1800 1600.00 0
1850 1600.00 0
1900 1600.00 0
1950 1600.00 0
2000 1600.00 0
0 1650.00 0
50 1650.00 0
100 1650.00 0
150 1650.00 0
200 1650.00 0
250 1650.00 0
300 1650.00 0
350 1650.00 0
400 1650.00 0
450 1650.00 0
500 1650.00 0
550 1650.00 0
600 1650.00 0
650 1650.00 0
700 1650.00 0
750 1650.00 0
800 1650.00 0
850 1650.00 0
900 1650.00 0
950 1650.00 0
1000 1650.00 0
1050 1650.00 0
1100 1650.00 0
1150 1650.00 0
1200 1650.00 0
1250 1650.00 0
1300 1650.00 0
1350 1650.00 0
1400 1650.00 0
1450 1650.00 0
1500 1650.00 0
1550 1650.00 0
1600 1650.00 0
1650 1650.00 0
1700 1650.00 0
1750 1650.00 0
1800 1650.00 0
1850 1650.00 0
1900 1650.00 0
1950 1650.00 0
2000 1650.00 0
0 1700.00 0
50 1700.00 0
100 1700.00 0
150 1700.00 0
200 1700.00 0
250 1700.00 0
300 1700.00 0
350 1700.00 0
400 1700.00 0
450 1700.00 0
500 1700.00 0
550 1700.00 0
600 1700.00 0
650 1700.00 0
700 1700.00 0
750 1700.00 0
800 1700.00 0
850 1700.00 0
900 1700.00 0
950 1700.00 0
1000 1700.00 0
1050 1700.00 0
1100 1700.00 0
1150 1700.00 0
1200 1700.00 0
1250 1700.00 0
1300 1700.00 0
1350 1700.00 0
1400 1700.00 0
1450 1700.00 0
1500 1700.00 0
1550 1700.00 0
1600 1700.00 0
1650 1700.00 0
1700 1700.00 0
1750 1700.00 0
1800 1700.00 0
1850 1700.00 0
1900 1700.00 0
1950 1700.00 0
2000 1700.00 0
0 1750.00 0
50 1750.00 0
100 1750.00 0
150 1750.00 0
200 1750.00 0
250 1750.00 0
300 1750.00 0
350 1750.00 0
400 1750.00 0
450 1750.00 0
500 1750.00 0
550 1750.00 0
600 1750.00 0
650 1750.00 0
700 1750.00 0
750 1750.00 0
800 1750.00 0
850 1750.00 0
900 1750.00 0
950 1750.00 0
1000 1750.00 0
1050 1750.00 0
1100 1750.00 0
1150 1750.00 0
1200 1750.00 0
1250 1750.00 0
1300 1750.00 0
1350 1750.00 0
1400 1750.00 0
1450 1750.00 0
1500 1750.00 0
1550 1750.00 0
1600 1750.00 0
1650 1750.00 0
1700 1750.00 0
1750 1750.00 0
1800 1750.00 0
1850 1750.00 0
1900 1750.00 0
1950 1750.00 0
2000 1750.00 0
0 1800.00 0
50 1800.00 0
100 1800.00 0
150 1800.00 0
200 1800.00 0
250 1800.00 0
300 1800.00 0
350 1800.00 0
400 1800.00 0
450 1800.00 0
500 1800.00 0
550 1800.00 0
600 1800.00 0
650 1800.00 0
700 1800.00 0
750 1800.00 0
800 1800.00 0
850 1800.00 0
900 1800.00 0
950 1800.00 0
1000 1800.00 0
1050 1800.00 0
1100 1800.00 0
1150 1800.00 0
1200 1800.00 0
1250 1800.00 0
1300 1800.00 0
1350 1800.00 0
1400 1800.00 0
1450 1800.00 0
1500 1800.00 0
1550 1800.00 0
1600 1800.00 0
1650 1800.00 0
1700 1800.00 0
1750 1800.00 0
1800 1800.00 0
1850 1800.00 0
1900 1800.00 0
1950 1800.00 0
2000 1800.00 0
0 1850.00 0
50 1850.00 0
100 1850.00 0
150 1850.00 0
200 1850.00 0
250 1850.00 0
300 1850.00 0
350 1850.00 0
400 1850.00 0
450 1850.00 0
500 1850.00 0
550 1850.00 0
600 1850.00 0
650 1850.00 0
700 1850.00 0
750 1850.00 0
800 1850.00 0
850 1850.00 0
900 1850.00 0
950 1850.00 0
1000 1850.00 0
1050 1850.00 0
1100 1850.00 0
1150 1850.00 0
1200 1850.00 0
1250 1850.00 0
1300 1850.00 0
1350 1850.00 0
1400 1850.00 0
1450 1850.00 0
1500 1850.00 0
1550 1850.00 0
1600 1850.00 0
1650 1850.00 0
1700 1850.00 0
1750 1850.00 0
1800 1850.00 0
1850 1850.00 0
1900 1850.00 0
1950 1850.00 0
2000 1850.00 0
0 1900.00 0
50 1900.00 0
100 1900.00 0
150 1900.00 0
200 1900.00 0
250 1900.00 0
300 1900.00 0
350 1900.00 0
400 1900.00 0
450 1900.00 0
500 1900.00 0
550 1900.00 0
600 1900.00 0
650 1900.00 0
700 1900.00 0
750 1900.00 0
800 1900.00 0
850 1900.00 0
900 1900.00 0
950 1900.00 0
1000 1900.00 0
1050 1900.00 0
1100 1900.00 0
1150 1900.00 0
1200 1900.00 0
1250 1900.00 0
1300 1900.00 0
1350 1900.00 0
1400 1900.00 0
1450 1900.00 0
1500 1900.00 0
1550 1900.00 0
1600 1900.00 0
1650 1900.00 0
1700 1900.00 0
1750 1900.00 0
1800 1900.00 0
1850 1900.00 0
1900 1900.00 0
1950 1900.00 0
2000 1900.00 0
0 1950.00 0
50 1950.00 0
100 1950.00 0
150 1950.00 0
200 1950.00 0
250 1950.00 0
300 1950.00 0
350 1950.00 0
400 1950.00 0
450 1950.00 0
500 1950.00 0
550 1950.00 0
600 1950.00 0
650 1950.00 0
700 1950.00 0
750 1950.00 0
800 1950.00 0
850 1950.00 0
900 1950.00 0
950 1950.00 0
1000 1950.00 0
1050 1950.00 0
1100 1950.00 0
1150 1950.00 0
1200 1950.00 0
1250 1950.00 0
1300 1950.00 0
1350 1950.00 0
1400 1950.00 0
1450 1950.00 0
1500 1950.00 0
1550 1950.00 0
1600 1950.00 0
1650 1950.00 0
1700 1950.00 0
1750 1950.00 0
1800 1950.00 0
1850 1950.00 0
1900 1950.00 0
1950 1950.00 0
2000 1950.00 0
0 2000.00 0
50 2000.00 0
100 2000.00 0
150 2000.00 0
200 2000.00 0
250 2000.00 0
300 2000.00 0
350 2000.00 0
400 2000.00 0
450 2000.00 0
500 2000.00 0
550 2000.00 0
600 2000.00 0
650 2000.00 0
700 2000.00 0
750 2000.00 0
800 2000.00 0
850 2000.00 0
900 2000.00 0
950 2000.00 0
1000 2000.00 0
1050 2000.00 0
1100 2000.00 0
1150 2000.00 0
1200 2000.00 0
1250 2000.00 0
1300 2000.00 0
1350 2000.00 0
1400 2000.00 0
1450 2000.00 0
1500 2000.00 0
1550 2000.00 0
1600 2000.00 0
1650 2000.00 0
1700 2000.00 0
1750 2000.00 0
1800 2000.00 0
1850 2000.00 0
1900 2000.00 0
1950 2000.00 0
2000 2000.00 0
