0 0.00 0.48557756329
50 0.00 0.356486332719
100 0.00 0.383290955797
150 0.00 0.437581227743
200 0.00 -0.051031219773
250 0.00 -0.539643667289
300 0.00 -0.485353395343
350 0.00 -0.45515320613
400 0.00 -0.726954909042
450 0.00 -0.998756611953
500 0.00 -0.96855642274
550 0.00 -0.903101331787
600 0.00 -1.49219715036
650 0.00 -2.08129296894
700 0.00 -2.01583787799
750 0.00 -2.15376558196
800 0.00 -0.912416246254
850 0.00 0.324508929101
900 0.00 0.226398668252
950 0.00 1.12743350136
1000 0.00 -6.62794408668
1050 0.00 -16.0414463127
1100 0.00 -0.21759487642
1150 0.00 14.7116035803
1200 0.00 13.3502833098
1250 0.00 15.2923821006
1300 0.00 0.490816222504
1350 0.00 -15.6206815112
1400 0.00 -1.89021557756
1450 0.00 10.1430946775
1500 0.00 9.30701760948
1550 0.00 10.4010260938
1600 0.00 5.06355607975
1650 0.00 -0.217556354939
1700 0.00 0.369233915582
1750 0.00 0.422398236464
1800 0.00 -0.0560806514695
1850 0.00 -0.534559539403
1900 0.00 -0.481395218521
1950 0.00 -0.457249354105
2000 0.00 -0.575330870925
0 50.00 0.48557756329
50 50.00 0.356486332719
100 50.00 0.383290955797
150 50.00 0.437581227743
200 50.00 -0.051031219773
250 50.00 -0.539643667289
300 50.00 -0.485353395343
350 50.00 -0.45515320613
400 50.00 -0.726954909042
450 50.00 -0.998756611953
500 50.00 -0.96855642274
550 50.00 -0.903101331787
600 50.00 -1.49219715036
650 50.00 -2.08129296894
700 50.00 -2.01583787799
750 50.00 -2.15376558196
800 50.00 -0.912416246254
850 50.00 0.324508929101
900 50.00 0.226398668252
950 50.00 1.12743350136
1000 50.00 -6.62794408668
1050 50.00 -16.0414463127
1100 50.00 -0.21759487642
1150 50.00 14.7116035803
1200 50.00 13.3502833098
1250 50.00 15.2923821006
1300 50.00 0.490816222504
1350 50.00 -15.6206815112
1400 50.00 -1.89021557756
1450 50.00 10.1430946775
1500 50.00 9.30701760948
1550 50.00 10.4010260938
1600 50.00 5.06355607975
1650 50.00 -0.217556354939
1700 50.00 0.369233915582
1750 50.00 0.422398236464
1800 50.00 -0.0560806514695
1850 50.00 -0.534559539403
1900 50.00 -0.481395218521
1950 50.00 -0.457249354105
2000 50.00 -0.575330870925
0 100.00 0.48557756329
50 100.00 0.356486332719
100 100.00 0.383290955797
150 100.00 0.437581227743
200 100.00 -0.051031219773
250 100.00 -0.539643667289
300 100.00 -0.485353395343
350 100.00 -0.45515320613
400 100.00 -0.726954909042
450 100.00 -0.998756611953
500 100.00 -0.96855642274
550 100.00 -0.903101331787
600 100.00 -1.49219715036
650 100.00 -2.08129296894
700 100.00 -2.01583787799
750 100.00 -2.15376558196
800 100.00 -0.912416246254
850 100.00 0.324508929101
900 100.00 0.226398668252
950 100.00 1.11299853324
1000 100.00 -6.51246224111
1050 100.00 -15.7816357919
1100 100.00 -0.102134036832
1150 100.00 14.6971707128
1200 100.00 13.3502833098
1250 100.00 15.2922793496
1300 100.00 0.491631165147
1350 100.00 -15.6187684089
1400 100.00 -1.88932998478
1450 100.00 10.1429848615
1500 100.00 9.30701760948
1550 100.00 10.4010260938
1600 100.00 5.06355607975
1650 100.00 -0.217556354939
1700 100.00 0.369233915582
1750 100.00 0.422398236464
1800 100.00 -0.0560806514695
1850 100.00 -0.534559539403
1900 100.00 -0.481395218521
1950 100.00 -0.457249354105
2000 100.00 -0.575330870925
0 150.00 0.48557756329
50 150.00 0.356486332719
100 150.00 0.383290955797
150 150.00 0.437581227743
200 150.00 -0.051031219773
250 150.00 -0.539643667289
300 150.00 -0.485353395343
350 150.00 -0.45515320613
400 150.00 -0.726954909042
450 150.00 -0.998756611953
500 150.00 -0.96855642274
550 150.00 -0.903101331787
600 150.00 -1.49219715036
650 150.00 -2.08129296894
700 150.00 -2.01583787799
750 150.00 -2.67694794759
800 150.00 3.27304267883
850 150.00 9.23656554334
900 150.00 8.45366533101
950 150.00 -6.09909090959
1000 150.00 123.793117359
1050 150.00 265.201336671
1100 150.00 147.006344303
1150 150.00 38.8694210351
1200 150.00 89.7533867359
1250 150.00 117.402122706
1300 150.00 218.387137175
1350 150.00 341.351478726
1400 150.00 171.179900914
1450 150.00 12.7097241618
1500 150.00 30.3627559841
1550 150.00 32.285693887
1600 150.00 15.3863498019
1650 150.00 -1.50790557021
1700 150.00 0.369233915582
1750 150.00 0.422398236464
1800 150.00 -0.0560806514695
1850 150.00 -0.534559539403
1900 150.00 -0.481395218521
1950 150.00 -0.457249354105
2000 150.00 -0.575330870925
0 200.00 0.48557756329
50 200.00 0.356486332719
100 200.00 0.383290955797
150 200.00 0.437581227743
200 200.00 -0.051031219773
250 200.00 -0.539643667289
300 200.00 -0.485353395343
350 200.00 -0.45515320613
400 200.00 -0.726954909042
450 200.00 -0.998756611953
500 200.00 -0.96855642274
550 200.00 -0.903101331787
600 200.00 -1.49219715036
650 200.00 -2.08129296894
700 200.00 -2.01583787799
750 200.00 -2.67694794759
800 200.00 3.27304267883
850 200.00 9.23656554334
900 200.00 8.45366533101
950 200.00 -6.15000880323
1000 200.00 124.200532436
1050 200.00 265.952603091
1100 200.00 148.729788661
1150 200.00 41.6694706231
1200 200.00 91.9761741757
1250 200.00 119.246309862
1300 200.00 219.514793187
1350 200.00 341.738263726
1400 200.00 171.402184725
1450 200.00 12.6819405891
1500 200.00 30.3627559841
1550 200.00 32.285693887
1600 200.00 15.3863498019
1650 200.00 -1.50790557021
1700 200.00 0.369233915582
1750 200.00 0.422398236464
1800 200.00 -0.0560806514695
1850 200.00 -0.534559539403
1900 200.00 -0.481395218521
1950 200.00 -0.457249354105
2000 200.00 -0.575330870925
0 250.00 -9.39247088507
50 250.00 -7.82246274408
100 250.00 -8.15210466087
150 250.00 -8.69746270333
200 250.00 -3.78924032114
250 250.00 1.11898206105
300 250.00 0.57362401858
350 250.00 0.589002632827
400 250.00 0.450595104601
450 250.00 0.312187576375
500 250.00 0.327566190623
550 250.00 0.641267968284
600 250.00 -2.18204803066
650 250.00 -4.99753016693
700 250.00 -4.75433315337
750 250.00 -23.4804590642
800 250.00 144.427791491
850 250.00 310.463573506
900 250.00 308.607107431
950 250.00 327.15869455
1000 250.00 309.479685694
1050 250.00 302.570039034
1100 250.00 224.222662926
1150 250.00 141.931997925
1200 250.00 170.511697531
1250 250.00 188.326774538
1300 250.00 202.917684674
1350 250.00 218.897754312
1400 250.00 224.21321097
1450 250.00 233.428409733
1500 250.00 214.306303173
1550 250.00 208.27964476
1600 250.00 99.6280758809
1650 250.00 -11.0479585456
1700 250.00 1.15511421487
1750 250.00 0.993715030374
1800 250.00 1.59783154912
1850 250.00 2.1913421161
1900 250.00 2.12539649755
1950 250.00 1.89499436179
2000 250.00 3.02047710028
0 300.00 -9.39247088507
50 300.00 -7.82246274408
100 300.00 -8.15210466087
150 300.00 -8.69746270333
200 300.00 -3.78924032114
250 300.00 1.11898206105
300 300.00 0.57362401858
350 300.00 0.589002632827
400 300.00 0.450595104601
450 300.00 0.312187576375
500 300.00 0.327566190623
550 300.00 0.641267968284
600 300.00 -2.18204803066
650 300.00 -4.99753016693
700 300.00 -4.75433315337
750 300.00 -23.5856341347
800 300.00 145.269262135
850 300.00 312.371755948
900 300.00 309.321631983
950 300.00 326.780226596
1000 300.00 309.362941682
1050 300.00 302.584750801
1100 300.00 224.222662926
1150 300.00 141.931997925
1200 300.00 170.511697531
1250 300.00 188.334102213
1300 300.00 202.859063089
1350 300.00 218.724879652
1400 300.00 224.482432842
1450 300.00 234.107726879
1500 300.00 215.157693863
1550 300.00 209.417047652
1600 300.00 100.151793284
1650 300.00 -11.113423221
1700 300.00 1.15511421487
1750 300.00 0.993715030374
1800 300.00 1.59783154912
1850 300.00 2.1913421161
1900 300.00 2.12539649755
1950 300.00 1.89499436179
2000 300.00 3.02047710028
0 350.00 -9.39247088507
50 350.00 -7.82246274408
100 350.00 -8.15210466087
150 350.00 -8.69746270333
200 350.00 -3.78924032114
250 350.00 1.11898206105
300 350.00 0.57362401858
350 350.00 0.589002632827
400 350.00 0.450595104601
450 350.00 0.312187576375
500 350.00 0.327566190623
550 350.00 0.709397889616
600 350.00 -2.72708740132
650 350.00 -6.18074007792
700 350.00 -5.64440190792
750 350.00 -14.3483630475
800 350.00 65.3606683165
850 350.00 144.883765379
900 350.00 137.854177743
950 350.00 137.075792007
1000 350.00 160.337100506
1050 350.00 183.932702065
1100 350.00 180.14634943
1150 350.00 179.239915669
1200 350.00 176.915586472
1250 350.00 174.47748059
1300 350.00 174.595043659
1350 350.00 177.493578404
1400 350.00 150.026727438
1450 350.00 122.227153972
1500 350.00 128.120191216
1550 350.00 138.998949472
1600 350.00 66.3278869111
1650 350.00 -6.0267854433
1700 350.00 2.0044609569
1750 350.00 1.98817973374
1800 350.00 2.0612559896
1850 350.00 2.13341406104
1900 350.00 2.12539649755
1950 350.00 1.89499436179
2000 350.00 3.02047710028
0 400.00 -9.39247088507
50 400.00 -7.82246274408
100 400.00 -8.15210466087
150 400.00 -8.69746270333
200 400.00 -3.78924032114
250 400.00 1.11898206105
300 400.00 0.57362401858
350 400.00 0.589002632827
400 400.00 0.450595104601
450 400.00 0.312187576375
500 400.00 0.327566190623
550 400.00 0.709397889616
600 400.00 -2.72708740132
650 400.00 -6.18074007792
700 400.00 -5.64440190792
750 400.00 -14.342045432
800 400.00 65.3101250678
850 400.00 144.770069221
900 400.00 137.80365774
950 400.00 137.086720042
1000 400.00 160.300202131
1050 400.00 183.849640489
1100 400.00 180.109415293
1150 400.00 179.244531989
1200 400.00 176.915586472
1250 400.00 174.47748059
1300 400.00 174.595043659
1350 400.00 177.493578404
1400 400.00 150.026727438
1450 400.00 122.227153972
1500 400.00 128.120191216
1550 400.00 138.998949472
1600 400.00 66.3278869111
1650 400.00 -6.0267854433
1700 400.00 2.0044609569
1750 400.00 1.98817973374
1800 400.00 2.0612559896
1850 400.00 2.13341406104
1900 400.00 2.12539649755
1950 400.00 1.89499436179
2000 400.00 3.02047710028
0 450.00 -0.516073917272
50 450.00 -0.420026578155
100 450.00 -0.439281123225
150 450.00 -0.47295472346
200 450.00 -0.169892321341
250 450.00 0.133170080779
300 450.00 0.0994964805432
350 450.00 0.0962809436896
400 450.00 0.125220775371
450 450.00 0.154160607053
500 450.00 0.1509450702
550 450.00 -0.027828972612
600 450.00 1.58113741269
650 450.00 3.190103798
700 450.00 3.01132975519
750 450.00 -0.550361760892
800 450.00 31.5048618838
850 450.00 63.5601299638
900 450.00 59.9980385303
950 450.00 59.7415793687
1000 450.00 62.0461570024
1050 450.00 64.3242121637
1100 450.00 64.3064552546
1150 450.00 64.5409367532
1200 450.00 64.5488462448
1250 450.00 64.5702423155
1300 450.00 64.6833446026
1350 450.00 65.128490597
1400 450.00 62.1614933014
1450 450.00 59.2081381381
1500 450.00 59.5305049419
1550 450.00 63.2592146256
1600 450.00 29.648773544
1650 450.00 -3.96231821174
1700 450.00 -0.227752461098
1750 450.00 -0.300368619792
1800 450.00 0.35317680845
1850 450.00 1.00672223669
1900 450.00 0.934106077999
1950 450.00 0.849859070731
2000 450.00 1.26227960875
0 500.00 -0.516073917272
50 500.00 -0.420026578155
100 500.00 -0.439281123225
150 500.00 -0.47295472346
200 500.00 -0.169892321341
250 500.00 0.133170080779
300 500.00 0.0994964805432
350 500.00 0.0962809436896
400 500.00 0.125220775371
450 500.00 0.154160607053
500 500.00 0.1509450702
550 500.00 -0.027828972612
600 500.00 1.58113741269
650 500.00 3.190103798
700 500.00 3.01132975519
750 500.00 -0.550361760892
800 500.00 31.5048618838
850 500.00 63.5601299638
900 500.00 59.9980385303
950 500.00 59.7415793687
1000 500.00 62.0461570024
1050 500.00 64.3242121637
1100 500.00 64.3064552546
1150 500.00 64.5409367532
1200 500.00 64.5488462448
1250 500.00 64.5702423155
1300 500.00 64.6833446026
1350 500.00 65.128490597
1400 500.00 62.1614933014
1450 500.00 59.2081381381
1500 500.00 59.5305049419
1550 500.00 63.2592146256
1600 500.00 29.648773544
1650 500.00 -3.96231821174
1700 500.00 -0.227752461098
1750 500.00 -0.300368619792
1800 500.00 0.35317680845
1850 500.00 1.00672223669
1900 500.00 0.934106077999
1950 500.00 0.849859070731
2000 500.00 1.26227960875
0 550.00 -0.516073917272
50 550.00 -0.420026578155
100 550.00 -0.439281123225
150 550.00 -0.47295472346
200 550.00 -0.169892321341
250 550.00 0.133170080779
300 550.00 0.0994964805432
350 550.00 0.0962809436896
400 550.00 0.125220775371
450 550.00 0.154160607053
500 550.00 0.1509450702
550 550.00 -0.027828972612
600 550.00 1.58113741269
650 550.00 3.190103798
700 550.00 3.01132975519
750 550.00 -0.510591977276
800 550.00 31.1867036149
850 550.00 62.8840143913
900 550.00 59.3619560003
950 550.00 58.0775347501
1000 550.00 69.6361112595
1050 550.00 81.1831642985
1100 550.00 80.0024542809
1150 550.00 80.0967942774
1200 550.00 80.1683971882
1250 550.00 80.142138809
1300 550.00 81.1172304153
1350 550.00 83.5617252588
1400 550.00 70.3108377457
1450 550.00 57.1739023626
1500 550.00 58.5928280354
1550 550.00 62.2255800524
1600 550.00 29.1642075707
1650 550.00 -3.90174746508
1700 550.00 -0.227752461098
1750 550.00 -0.300368619792
1800 550.00 0.35317680845
1850 550.00 1.00672223669
1900 550.00 0.934106077999
1950 550.00 0.849859070731
2000 550.00 1.26227960875
0 600.00 -0.516073917272
50 600.00 -0.420026578155
100 600.00 -0.439281123225
150 600.00 -0.47295472346
200 600.00 -0.169892321341
250 600.00 0.133170080779
300 600.00 0.0994964805432
350 600.00 0.0962809436896
400 600.00 0.125220775371
450 600.00 0.154160607053
500 600.00 0.1509450702
550 600.00 -0.027828972612
600 600.00 1.58113741269
650 600.00 3.190103798
700 600.00 3.01132975519
750 600.00 -0.510591977276
800 600.00 31.1867036149
850 600.00 62.8840143913
900 600.00 59.3619560003
950 600.00 58.0775347501
1000 600.00 69.6361112595
1050 600.00 81.1831642985
1100 600.00 80.0024542809
1150 600.00 80.0967942774
1200 600.00 80.1683971882
1250 600.00 80.142138809
1300 600.00 81.1172304153
1350 600.00 83.5617252588
1400 600.00 70.3108377457
1450 600.00 57.1739023626
1500 600.00 58.5928280354
1550 600.00 62.2255800524
1600 600.00 29.1642075707
1650 600.00 -3.90174746508
1700 600.00 -0.227752461098
1750 600.00 -0.300368619792
1800 600.00 0.35317680845
1850 600.00 1.00672223669
1900 600.00 0.934106077999
1950 600.00 0.849859070731
2000 600.00 1.26227960875
0 650.00 -0.923053675098
50 650.00 -0.920177629916
100 650.00 -0.920754384249
150 650.00 -0.933065346209
200 650.00 -0.82226668857
250 650.00 -0.711468030931
300 650.00 -0.723778992891
350 650.00 -0.725353515008
400 650.00 -0.711182815954
450 650.00 -0.6970121169
500 650.00 -0.698586639017
550 650.00 -1.32427154086
600 650.00 4.3068925757
650 650.00 9.93805669225
700 650.00 9.31237179041
750 650.00 8.85192381218
800 650.00 12.9959556162
850 650.00 17.1399874203
900 650.00 16.6795394421
950 650.00 16.6504301056
1000 650.00 16.9124141335
1050 650.00 17.1743981615
1100 650.00 17.145288825
1150 650.00 17.154803969
1200 650.00 17.0691676736
1250 650.00 16.9835313782
1300 650.00 16.9930465221
1350 650.00 17.2514658943
1400 650.00 14.925691545
1450 650.00 12.5999171957
1500 650.00 12.8583365679
1550 650.00 13.665013992
1600 650.00 6.40491717518
1650 650.00 -0.8551796416
1700 650.00 -0.0485022175126
1750 650.00 -0.0534341551829
1800 650.00 -0.0090467161499
1850 650.00 0.0353407228831
1900 650.00 0.0304087852128
1950 650.00 0.0508766238636
2000 650.00 -0.0487782820128
0 700.00 -0.923053675098
50 700.00 -0.920177629916
100 700.00 -0.920754384249
150 700.00 -0.933065346209
200 700.00 -0.82226668857
250 700.00 -0.711468030931
300 700.00 -0.723778992891
350 700.00 -0.725353515008
400 700.00 -0.711182815954
450 700.00 -0.6970121169
500 700.00 -0.698586639017
550 700.00 -1.32427154086
600 700.00 4.3068925757
650 700.00 9.93805669225
700 700.00 9.31237179041
750 700.00 8.85192381218
800 700.00 12.9959556162
850 700.00 17.1399874203
900 700.00 16.6795394421
950 700.00 16.6504301056
1000 700.00 16.9124141335
1050 700.00 17.1743981615
1100 700.00 17.145288825
1150 700.00 17.154803969
1200 700.00 17.0691676736
1250 700.00 16.9835313782
1300 700.00 16.9930465221
1350 700.00 17.2514658943
1400 700.00 14.925691545
1450 700.00 12.5999171957
1500 700.00 12.8583365679
1550 700.00 13.665013992
1600 700.00 6.40491717518
1650 700.00 -0.8551796416
1700 700.00 -0.0485022175126
1750 700.00 -0.0534341551829
1800 700.00 -0.0090467161499
1850 700.00 0.0353407228831
1900 700.00 0.0304087852128
1950 700.00 0.0508766238636
2000 700.00 -0.0487782820128
0 750.00 -0.923053675098
50 750.00 -0.920177629916
100 750.00 -0.920754384249
150 750.00 -0.933065346209
200 750.00 -0.82226668857
250 750.00 -0.711468030931
300 750.00 -0.723778992891
350 750.00 -0.725353515008
400 750.00 -0.711182815954
450 750.00 -0.6970121169
500 750.00 -0.698586639017
550 750.00 -1.32427154086
600 750.00 4.3068925757
650 750.00 9.93805669225
700 750.00 9.31237179041
750 750.00 8.85192381218
800 750.00 12.9959556162
850 750.00 17.1399874203
900 750.00 16.6795394421
950 750.00 16.6504301056
1000 750.00 16.9124141335
1050 750.00 17.1743981615
1100 750.00 17.145288825
1150 750.00 17.154803969
1200 750.00 17.0691676736
1250 750.00 16.9835313782
1300 750.00 16.9930465221
1350 750.00 17.2514658943
1400 750.00 14.925691545
1450 750.00 12.5999171957
1500 750.00 12.8583365679
1550 750.00 13.665013992
1600 750.00 6.40491717518
1650 750.00 -0.8551796416
1700 750.00 -0.0485022175126
1750 750.00 -0.0534341551829
1800 750.00 -0.0090467161499
1850 750.00 0.0353407228831
1900 750.00 0.0304087852128
1950 750.00 0.0508766238636
2000 750.00 -0.0487782820128
0 800.00 -0.923053675098
50 800.00 -0.920177629916
100 800.00 -0.920754384249
150 800.00 -0.933065346209
200 800.00 -0.82226668857
250 800.00 -0.711468030931
300 800.00 -0.723778992891
350 800.00 -0.725353515008
400 800.00 -0.711182815954
450 800.00 -0.6970121169
500 800.00 -0.698586639017
550 800.00 -1.32427154086
600 800.00 4.3068925757
650 800.00 9.93805669225
700 800.00 9.31237179041
750 800.00 8.85192381218
800 800.00 12.9959556162
850 800.00 17.1399874203
900 800.00 16.6795394421
950 800.00 16.6504301056
1000 800.00 16.9124141335
1050 800.00 17.1743981615
1100 800.00 17.145288825
1150 800.00 17.154803969
1200 800.00 17.0691676736
1250 800.00 16.9835313782
1300 800.00 16.9930465221
1350 800.00 17.2514658943
1400 800.00 14.925691545
1450 800.00 12.5999171957
1500 800.00 12.8583365679
1550 800.00 13.665013992
1600 800.00 6.40491717518
1650 800.00 -0.8551796416
1700 800.00 -0.0485022175126
1750 800.00 -0.0534341551829
1800 800.00 -0.0090467161499
1850 800.00 0.0353407228831
1900 800.00 0.0304087852128
1950 800.00 0.0508766238636
2000 800.00 -0.0487782820128
0 850.00 -1.20058055595
50 850.00 -1.19266763702
100 850.00 -1.19416299462
150 850.00 -1.20754134888
200 850.00 -1.08713616058
250 850.00 -0.966730972286
300 850.00 -0.980109326541
350 850.00 -0.985280885827
400 850.00 -0.938736852258
450 850.00 -0.89219281869
500 850.00 -0.897364377975
550 850.00 -1.70225910097
600 850.00 5.54179340601
650 850.00 12.785845913
700 850.00 11.98095119
750 850.00 11.3956364244
800 850.00 16.6634693146
850 850.00 21.9313022047
900 850.00 21.3459874392
950 850.00 21.3384592906
1000 850.00 21.4062126279
1050 850.00 21.4739659652
1100 850.00 21.4664378166
1150 850.00 21.4632418156
1200 850.00 21.492005825
1250 850.00 21.5207698345
1300 850.00 21.5175738335
1350 850.00 21.8287916034
1400 850.00 19.0278316736
1450 850.00 16.2268717438
1500 850.00 16.5380895138
1550 850.00 17.5679569756
1600 850.00 8.29914981895
1650 850.00 -0.96965733773
1700 850.00 0.0602101241238
1750 850.00 0.0701558672445
1800 850.00 -0.0193558208412
1850 850.00 -0.108867508927
1900 850.00 -0.0989217658062
1950 850.00 -0.0699015481659
2000 850.00 -0.216831056518
0 900.00 -1.20058055595
50 900.00 -1.19266763702
100 900.00 -1.19416299462
150 900.00 -1.20754134888
200 900.00 -1.08713616058
250 900.00 -0.966730972286
300 900.00 -0.980109326541
350 900.00 -0.985280885827
400 900.00 -0.938736852258
450 900.00 -0.89219281869
500 900.00 -0.897364377975
550 900.00 -1.70225910097
600 900.00 5.54179340601
650 900.00 12.785845913
700 900.00 11.98095119
750 900.00 11.3956364244
800 900.00 16.6634693146
850 900.00 21.9313022047
900 900.00 21.3459874392
950 900.00 21.3384592906
1000 900.00 21.4062126279
1050 900.00 21.4739659652
1100 900.00 21.4664378166
1150 900.00 21.4632418156
1200 900.00 21.492005825
1250 900.00 21.5207698345
1300 900.00 21.5175738335
1350 900.00 21.8287916034
1400 900.00 19.0278316736
1450 900.00 16.2268717438
1500 900.00 16.5380895138
1550 900.00 17.5679569756
1600 900.00 8.29914981895
1650 900.00 -0.96965733773
1700 900.00 0.0602101241238
1750 900.00 0.0701558672445
1800 900.00 -0.0193558208412
1850 900.00 -0.108867508927
1900 900.00 -0.0989217658062
1950 900.00 -0.0699015481659
2000 900.00 -0.216831056518
0 950.00 -1.20058055595
50 950.00 -1.19266763702
100 950.00 -1.19416299462
150 950.00 -1.20754134888
200 950.00 -1.08713616058
250 950.00 -0.966730972286
300 950.00 -0.980109326541
350 950.00 -0.985280885827
400 950.00 -0.938736852258
450 950.00 -0.89219281869
500 950.00 -0.897364377975
550 950.00 -1.70225910097
600 950.00 5.54179340601
650 950.00 12.785845913
700 950.00 11.98095119
750 950.00 11.3956364244
800 950.00 16.6634693146
850 950.00 21.9313022047
900 950.00 21.3459874392
950 950.00 21.3384592906
1000 950.00 21.4062126279
1050 950.00 21.4739659652
1100 950.00 21.4664378166
1150 950.00 21.4632418156
1200 950.00 21.492005825
1250 950.00 21.5207698345
1300 950.00 21.5175738335
1350 950.00 21.8287916034
1400 950.00 19.0278316736
1450 950.00 16.2268717438
1500 950.00 16.5380895138
1550 950.00 17.5679569756
1600 950.00 8.29914981895
1650 950.00 -0.96965733773
1700 950.00 0.0602101241238
1750 950.00 0.0701558672445
1800 950.00 -0.0193558208412
1850 950.00 -0.108867508927
1900 950.00 -0.0989217658062
1950 950.00 -0.0699015481659
2000 950.00 -0.216831056518
0 1000.00 -1.20058055595
50 1000.00 -1.19266763702
100 1000.00 -1.19416299462
150 1000.00 -1.20754134888
200 1000.00 -1.08713616058
250 1000.00 -0.966730972286
300 1000.00 -0.980109326541
350 1000.00 -0.985280885827
400 1000.00 -0.938736852258
450 1000.00 -0.89219281869
500 1000.00 -0.897364377975
550 1000.00 -1.70225910097
600 1000.00 5.54179340601
650 1000.00 12.785845913
700 1000.00 11.98095119
750 1000.00 11.3956364244
800 1000.00 16.6634693146
850 1000.00 21.9313022047
900 1000.00 21.3459874392
950 1000.00 21.3384592906
1000 1000.00 21.4062126279
1050 1000.00 21.4739659652
1100 1000.00 21.4664378166
1150 1000.00 21.4632418156
1200 1000.00 21.492005825
1250 1000.00 21.5207698345
1300 1000.00 21.5175738335
1350 1000.00 21.8287916034
1400 1000.00 19.0278316736
1450 1000.00 16.2268717438
1500 1000.00 16.5380895138
1550 1000.00 17.5679569756
1600 1000.00 8.29914981895
1650 1000.00 -0.96965733773
1700 1000.00 0.0602101241238
1750 1000.00 0.0701558672445
1800 1000.00 -0.0193558208412
1850 1000.00 -0.108867508927
1900 1000.00 -0.0989217658062
1950 1000.00 -0.0699015481659
2000 1000.00 -0.216831056518
0 1050.00 -1.20058055595
50 1050.00 -1.19266763702
100 1050.00 -1.19416299462
150 1050.00 -1.20754134888
200 1050.00 -1.08713616058
250 1050.00 -0.966730972286
300 1050.00 -0.980109326541
350 1050.00 -0.985280885827
400 1050.00 -0.938736852258
450 1050.00 -0.89219281869
500 1050.00 -0.897364377975
550 1050.00 -1.70225910097
600 1050.00 5.54179340601
650 1050.00 12.785845913
700 1050.00 11.98095119
750 1050.00 11.3956364244
800 1050.00 16.6634693146
850 1050.00 21.9313022047
900 1050.00 21.3459874392
950 1050.00 21.3384592906
1000 1050.00 21.4062126279
1050 1050.00 21.4739659652
1100 1050.00 21.4664378166
1150 1050.00 21.4632418156
1200 1050.00 21.492005825
1250 1050.00 21.5207698345
1300 1050.00 21.5175738335
1350 1050.00 21.8287916034
1400 1050.00 19.0278316736
1450 1050.00 16.2268717438
1500 1050.00 16.5380895138
1550 1050.00 17.5679569756
1600 1050.00 8.29914981895
1650 1050.00 -0.96965733773
1700 1050.00 0.0602101241238
1750 1050.00 0.0701558672445
1800 1050.00 -0.0193558208412
1850 1050.00 -0.108867508927
1900 1050.00 -0.0989217658062
1950 1050.00 -0.0699015481659
2000 1050.00 -0.216831056518
0 1100.00 0
50 1100.00 0
100 1100.00 0
150 1100.00 0
200 1100.00 0
250 1100.00 0
300 1100.00 0
350 1100.00 0
400 1100.00 0
450 1100.00 0
500 1100.00 0
550 1100.00 0
600 1100.00 0
650 1100.00 0
700 1100.00 0
750 1100.00 0
800 1100.00 0
850 1100.00 0
900 1100.00 0
950 1100.00 0
1000 1100.00 0
1050 1100.00 0
1100 1100.00 0
1150 1100.00 0
1200 1100.00 0
1250 1100.00 0
1300 1100.00 0
1350 1100.00 0
1400 1100.00 0
1450 1100.00 0
1500 1100.00 0
1550 1100.00 0
1600 1100.00 0
1650 1100.00 0
1700 1100.00 0
1750 1100.00 0
1800 1100.00 0
1850 1100.00 0
1900 1100.00 0
1950 1100.00 0
2000 1100.00 0
0 1150.00 0
50 1150.00 0
100 1150.00 0
150 1150.00 0
200 1150.00 0
250 1150.00 0
300 1150.00 0
350 1150.00 0
400 1150.00 0
450 1150.00 0
500 1150.00 0
550 1150.00 0
600 1150.00 0
650 1150.00 0
700 1150.00 0
750 1150.00 0
800 1150.00 0
850 1150.00 0
900 1150.00 0
950 1150.00 0
1000 1150.00 0
1050 1150.00 0
1100 1150.00 0
1150 1150.00 0
1200 1150.00 0
1250 1150.00 0
1300 1150.00 0
1350 1150.00 0
1400 1150.00 0
1450 1150.00 0
1500 1150.00 0
1550 1150.00 0
1600 1150.00 0
1650 1150.00 0
1700 1150.00 0
1750 1150.00 0
1800 1150.00 0
1850 1150.00 0
1900 1150.00 0
1950 1150.00 0
2000 1150.00 0
0 1200.00 0
50 1200.00 0
100 1200.00 0
150 1200.00 0
200 1200.00 0
250 1200.00 0
300 1200.00 0
350 1200.00 0
400 1200.00 0
450 1200.00 0
500 1200.00 0
550 1200.00 0
600 1200.00 0
650 1200.00 0
700 1200.00 0
750 1200.00 0
800 1200.00 0
850 1200.00 0
900 1200.00 0
950 1200.00 0
1000 1200.00 0
1050 1200.00 0
1100 1200.00 0
1150 1200.00 0
1200 1200.00 0
1250 1200.00 0
1300 1200.00 0
1350 1200.00 0
1400 1200.00 0
1450 1200.00 0
1500 1200.00 0
1550 1200.00 0
1600 1200.00 0
1650 1200.00 0
1700 1200.00 0
1750 1200.00 0
1800 1200.00 0
1850 1200.00 0
1900 1200.00 0
1950 1200.00 0
2000 1200.00 0
0 1250.00 0
50 1250.00 0
100 1250.00 0
150 1250.00 0
200 1250.00 0
250 1250.00 0
300 1250.00 0
350 1250.00 0
400 1250.00 0
450 1250.00 0
500 1250.00 0
550 1250.00 0
600 1250.00 0
650 1250.00 0
700 1250.00 0
750 1250.00 0
800 1250.00 0
850 1250.00 0
900 1250.00 0
950 1250.00 0
1000 1250.00 0
1050 1250.00 0
1100 1250.00 0
1150 1250.00 0
1200 1250.00 0
1250 1250.00 0
1300 1250.00 0
1350 1250.00 0
1400 1250.00 0
1450 1250.00 0
1500 1250.00 0
1550 1250.00 0
1600 1250.00 0
1650 1250.00 0
1700 1250.00 0
1750 1250.00 0
1800 1250.00 0
1850 1250.00 0
1900 1250.00 0
1950 1250.00 0
2000 1250.00 0
0 1300.00 0
50 1300.00 0
100 1300.00 0
150 1300.00 0
200 1300.00 0
250 1300.00 0
300 1300.00 0
350 1300.00 0
400 1300.00 0
450 1300.00 0
500 1300.00 0
550 1300.00 0
600 1300.00 0
650 1300.00 0
700 1300.00 0
750 1300.00 0
800 1300.00 0
850 1300.00 0
900 1300.00 0
950 1300.00 0
1000 1300.00 0
1050 1300.00 0
1100 1300.00 0
1150 1300.00 0
1200 1300.00 0
1250 1300.00 0
1300 1300.00 0
1350 1300.00 0
1400 1300.00 0
1450 1300.00 0
1500 1300.00 0
1550 1300.00 0
1600 1300.00 0
1650 1300.00 0
1700 1300.00 0
1750 1300.00 0
1800 1300.00 0
1850 1300.00 0
1900 1300.00 0
1950 1300.00 0
2000 1300.00 0
0 1350.00 0
50 1350.00 0
100 1350.00 0
150 1350.00 0
200 1350.00 0
250 1350.00 0
300 1350.00 0
350 1350.00 0
400 1350.00 0
450 1350.00 0
500 1350.00 0
550 1350.00 0
600 1350.00 0
650 1350.00 0
700 1350.00 0
750 1350.00 0
800 1350.00 0
850 1350.00 0
900 1350.00 0
950 1350.00 0
1000 1350.00 0
1050 1350.00 0
1100 1350.00 0
1150 1350.00 0
1200 1350.00 0
1250 1350.00 0
1300 1350.00 0
1350 1350.00 0
1400 1350.00 0
1450 1350.00 0
1500 1350.00 0
1550 1350.00 0
1600 1350.00 0
1650 1350.00 0
1700 1350.00 0
1750 1350.00 0
1800 1350.00 0
1850 1350.00 0
1900 1350.00 0
1950 1350.00 0
2000 1350.00 0
0 1400.00 0
50 1400.00 0
100 1400.00 0
150 1400.00 0
200 1400.00 0
250 1400.00 0
300 1400.00 0
350 1400.00 0
400 1400.00 0
450 1400.00 0
500 1400.00 0
550 1400.00 0
600 1400.00 0
650 1400.00 0
700 1400.00 0
750 1400.00 0
800 1400.00 0
850 1400.00 0
900 1400.00 0
950 1400.00 0
1000 1400.00 0
1050 1400.00 0
1100 1400.00 0
1150 1400.00 0
1200 1400.00 0
1250 1400.00 0
1300 1400.00 0
1350 1400.00 0
1400 1400.00 0
1450 1400.00 0
1500 1400.00 0
1550 1400.00 0
1600 1400.00 0
1650 1400.00 0
1700 1400.00 0
1750 1400.00 0
1800 1400.00 0
1850 1400.00 0
1900 1400.00 0
1950 1400.00 0
2000 1400.00 0
0 1450.00 0
50 1450.00 0
100 1450.00 0
150 1450.00 0
200 1450.00 0
250 1450.00 0
300 1450.00 0
350 1450.00 0
400 1450.00 0
450 1450.00 0
500 1450.00 0
550 1450.00 0
600 1450.00 0
650 1450.00 0
700 1450.00 0
750 1450.00 0
800 1450.00 0
850 1450.00 0
900 1450.00 0
950 1450.00 0
1000 1450.00 0
1050 1450.00 0
1100 1450.00 0
1150 1450.00 0
1200 1450.00 0
1250 1450.00 0
1300 1450.00 0
1350 1450.00 0
1400 1450.00 0
1450 1450.00 0
1500 1450.00 0
1550 1450.00 0
1600 1450.00 0
1650 1450.00 0
1700 1450.00 0
1750 1450.00 0
1800 1450.00 0
1850 1450.00 0
1900 1450.00 0
1950 1450.00 0
2000 1450.00 0
0 1500.00 0
50 1500.00 0
100 1500.00 0
150 1500.00 0
200 1500.00 0
250 1500.00 0
300 1500.00 0
350 1500.00 0
400 1500.00 0
450 1500.00 0
500 1500.00 0
550 1500.00 0
600 1500.00 0
650 1500.00 0
700 1500.00 0
750 1500.00 0
800 1500.00 0
850 1500.00 0
900 1500.00 0
950 1500.00 0
1000 1500.00 0
1050 1500.00 0
1100 1500.00 0
1150 1500.00 0
1200 1500.00 0
1250 1500.00 0
1300 1500.00 0
1350 1500.00 0
1400 1500.00 0
1450 1500.00 0
1500 1500.00 0
1550 1500.00 0
1600 1500.00 0
1650 1500.00 0
1700 1500.00 0
1750 1500.00 0
1800 1500.00 0
1850 1500.00 0
1900 1500.00 0
1950 1500.00 0
2000 1500.00 0
0 1550.00 0
50 1550.00 0
100 1550.00 0
150 1550.00 0
200 1550.00 0
250 1550.00 0
300 1550.00 0
350 1550.00 0
400 1550.00 0
450 1550.00 0
500 1550.00 0
550 1550.00 0
600 1550.00 0
650 1550.00 0
700 1550.00 0
750 1550.00 0
800 1550.00 0
850 1550.00 0
900 1550.00 0
950 1550.00 0
1000 1550.00 0
1050 1550.00 0
1100 1550.00 0
1150 1550.00 0
1200 1550.00 0
1250 1550.00 0
1300 1550.00 0
1350 1550.00 0
1400 1550.00 0
1450 1550.00 0
1500 1550.00 0
1550 1550.00 0
1600 1550.00 0
1650 1550.00 0
1700 1550.00 0
1750 1550.00 0
1800 1550.00 0
1850 1550.00 0
1900 1550.00 0
1950 1550.00 0
2000 1550.00 0
0 1600.00 0
50 1600.00 0
100 1600.00 0
150 1600.00 0
200 1600.00 0
250 1600.00 0
300 1600.00 0
350 1600.00 0
400 1600.00 0
450 1600.00 0
500 1600.00 0
550 1600.00 0
600 1600.00 0
650 1600.00 0
700 1600.00 0
750 1600.00 0
800 1600.00 0
850 1600.00 0
900 1600.00 0
950 1600.00 0
1000 1600.00 0
1050 1600.00 0
1100 1600.00 0
1150 1600.00 0
1200 1600.00 0
1250 1600.00 0
1300 1600.00 0
1350 1600.00 0
1400 1600.00 0
1450 1600.00 0
1500 1600.00 0
1550 1600.00 0
1600 1600.00 0
1650 1600.00 0
1700 1600.00 0
1750 1600.00 0
1800 1600.00 0
1850 1600.00 0
1900 1600.00 0
1950 1600.00 0
2000 1600.00 0
0 1650.00 0
50 1650.00 0
100 1650.00 0
150 1650.00 0
200 1650.00 0
250 1650.00 0
300 1650.00 0
350 1650.00 0
400 1650.00 0
450 1650.00 0
500 1650.00 0
550 1650.00 0
600 1650.00 0
650 1650.00 0
700 1650.00 0
750 1650.00 0
800 1650.00 0
850 1650.00 0
900 1650.00 0
950 1650.00 0
1000 1650.00 0
1050 1650.00 0
1100 1650.00 0
1150 1650.00 0
1200 1650.00 0
1250 1650.00 0
1300 1650.00 0
1350 1650.00 0
1400 1650.00 0
1450 1650.00 0
1500 1650.00 0
1550 1650.00 0
1600 1650.00 0
1650 1650.00 0
1700 1650.00 0
1750 1650.00 0
1800 1650.00 0
1850 1650.00 0
1900 1650.00 0
1950 1650.00 0
2000 1650.00 0
0 1700.00 0
50 1700.00 0
100 1700.00 0
150 1700.00 0
200 1700.00 0
250 1700.00 0
300 1700.00 0
350 1700.00 0
400 1700.00 0
450 1700.00 0
500 1700.00 0
550 1700.00 0
600 1700.00 0
650 1700.00 0
700 1700.00 0
750 1700.00 0
800 1700.00 0
850 1700.00 0
900 1700.00 0
950 1700.00 0
1000 1700.00 0
1050 1700.00 0
1100 1700.00 0
1150 1700.00 0
1200 1700.00 0
1250 1700.00 0
1300 1700.00 0
1350 1700.00 0
1400 1700.00 0
1450 1700.00 0
1500 1700.00 0
1550 1700.00 0
1600 1700.00 0
1650 1700.00 0
1700 1700.00 0
1750 1700.00 0
1800 1700.00 0
1850 1700.00 0
1900 1700.00 0
1950 1700.00 0
2000 1700.00 0
0 1750.00 0
50 1750.00 0
100 1750.00 0
150 1750.00 0
200 1750.00 0
250 1750.00 0
300 1750.00 0
350 1750.00 0
400 1750.00 0
450 1750.00 0
500 1750.00 0
550 1750.00 0
600 1750.00 0
650 1750.00 0
700 1750.00 0
750 1750.00 0
800 1750.00 0
850 1750.00 0
900 1750.00 0
950 1750.00 0
1000 1750.00 0
1050 1750.00 0
1100 1750.00 0
1150 1750.00 0
1200 1750.00 0
1250 1750.00 0
1300 1750.00 0
1350 1750.00 0
1400 1750.00 0
1450 1750.00 0
1500 1750.00 0
1550 1750.00 0
1600 1750.00 0
1650 1750.00 0
1700 1750.00 0
1750 1750.00 0
1800 1750.00 0
1850 1750.00 0
1900 1750.00 0
1950 1750.00 0
2000 1750.00 0
0 1800.00 0
50 1800.00 0
100 1800.00 0
150 1800.00 0
200 1800.00 0
250 1800.00 0
300 1800.00 0
350 1800.00 0
400 1800.00 0
450 1800.00 0
500 1800.00 0
550 1800.00 0
600 1800.00 0
650 1800.00 0
700 1800.00 0
750 1800.00 0
800 1800.00 0
850 1800.00 0
900 1800.00 0
950 1800.00 0
1000 1800.00 0
1050 1800.00 0
1100 1800.00 0
1150 1800.00 0
1200 1800.00 0
1250 1800.00 0
1300 1800.00 0
1350 1800.00 0
1400 1800.00 0
1450 1800.00 0
1500 1800.00 0
1550 1800.00 0
1600 1800.00 0
1650 1800.00 0
1700 1800.00 0
1750 1800.00 0
1800 1800.00 0
1850 1800.00 0
1900 1800.00 0
1950 1800.00 0
2000 1800.00 0
0 1850.00 0
50 1850.00 0
100 1850.00 0
150 1850.00 0
200 1850.00 0
250 1850.00 0
300 1850.00 0
350 1850.00 0
400 1850.00 0
450 1850.00 0
500 1850.00 0
550 1850.00 0
600 1850.00 0
650 1850.00 0
700 1850.00 0
750 1850.00 0
800 1850.00 0
850 1850.00 0
900 1850.00 0
950 1850.00 0
1000 1850.00 0
1050 1850.00 0
1100 1850.00 0
1150 1850.00 0
1200 1850.00 0
1250 1850.00 0
1300 1850.00 0
1350 1850.00 0
1400 1850.00 0
1450 1850.00 0
1500 1850.00 0
1550 1850.00 0
1600 1850.00 0
1650 1850.00 0
1700 1850.00 0
1750 1850.00 0
1800 1850.00 0
1850 1850.00 0
1900 1850.00 0
1950 1850.00 0
2000 1850.00 0
0 1900.00 0
50 1900.00 0
100 1900.00 0
150 1900.00 0
200 1900.00 0
250 1900.00 0
300 1900.00 0
350 1900.00 0
400 1900.00 0
450 1900.00 0
500 1900.00 0
550 1900.00 0
600 1900.00 0
650 1900.00 0
700 1900.00 0
750 1900.00 0
800 1900.00 0
850 1900.00 0
900 1900.00 0
950 1900.00 0
1000 1900.00 0
1050 1900.00 0
1100 1900.00 0
1150 1900.00 0
1200 1900.00 0
1250 1900.00 0
1300 1900.00 0
1350 1900.00 0
1400 1900.00 0
1450 1900.00 0
1500 1900.00 0
1550 1900.00 0
1600 1900.00 0
1650 1900.00 0
1700 1900.00 0
1750 1900.00 0
1800 1900.00 0
1850 1900.00 0
1900 1900.00 0
1950 1900.00 0
2000 1900.00 0
0 1950.00 0
50 1950.00 0
100 1950.00 0
150 1950.00 0
200 1950.00 0
250 1950.00 0
300 1950.00 0
350 1950.00 0
400 1950.00 0
450 1950.00 0
500 1950.00 0
550 1950.00 0
600 1950.00 0
650 1950.00 0
700 1950.00 0
750 1950.00 0
800 1950.00 0
850 1950.00 0
900 1950.00 0
950 1950.00 0
1000 1950.00 0
1050 1950.00 0
1100 1950.00 0
1150 1950.00 0
1200 1950.00 0
1250 1950.00 0
1300 1950.00 0
1350 1950.00 0
1400 1950.00 0
1450 1950.00 0
1500 1950.00 0
1550 1950.00 0
1600 1950.00 0
1650 1950.00 0
1700 1950.00 0
1750 1950.00 0
1800 1950.00 0
1850 1950.00 0
1900 1950.00 0
1950 1950.00 0
2000 1950.00 0
0 2000.00 0
50 2000.00 0
100 2000.00 0
150 2000.00 0
200 2000.00 0
250 2000.00 0
300 2000.00 0
350 2000.00 0
400 2000.00 0
450 2000.00 0
500 2000.00 0
550 2000.00 0
600 2000.00 0
650 2000.00 0
700 2000.00 0
750 2000.00 0
800 2000.00 0
850 2000.00 0
900 2000.00 0
950 2000.00 0
1000 2000.00 0
1050 2000.00 0
1100 2000.00 0
1150 2000.00 0
1200 2000.00 0
1250 2000.00 0
1300 2000.00 0
1350 2000.00 0
1400 2000.00 0
1450 2000.00 0
1500 2000.00 0
1550 2000.00 0
1600 2000.00 0
1650 2000.00 0
1700 2000.00 0
1750 2000.00 0
1800 2000.00 0
1850 2000.00 0
1900 2000.00 0
1950 2000.00 0
2000 2000.00 0
