0	700	0
50	700	50
100	700	100
150	700	150
200	700	200
250	700	250
300	700	300
350	700	350
400	700	400
450	700	450
500	700	500
550	700	550
600	700	600
650	700	650
700	700	700
750	700	750
800	700	800
850	700	850
900	700	900
950	700	950
1000	700	1000
1050	700	1050
1100	700	1100
1150	700	1150
1200	700	1200
1250	700	1250
1300	700	1300
1350	700	1350
1400	700	1400
1450	700	1450
1500	700	1500
1550	700	1550
1600	700	1600
1650	700	1650
1700	700	1700
1750	700	1750
1800	700	1800
1850	700	1850
1900	700	1900
1950	700	1950
2000	700	2000
