                   lambda                   misfit
     1.00000000000000e+07     4.41809859379719e+01
     1.00000000000000e+06     3.71537687863285e+01
     1.00000000000000e+05     2.64302797391898e+01
     1.00000000000000e+04     3.20361890297348e+01
     1.00000000000000e+03     6.00450125437347e+01
     1.00000000000000e+08     4.53010387655596e+01
     1.00000000000000e+07     4.35794497136731e+01
     1.00000000000000e+06     3.73458285022486e+01
     1.00000000000000e+05     2.66324659434145e+01
     1.00000000000000e+04     1.19731215789123e+01
     1.00000000000000e+03     7.63433114891861e+00
     1.00000000000000e+02     3.74702075115367e+00
     1.00000000000000e+01     7.21454628492376e+00
     1.00000000000000e+00     8.59261849336410e+00
     1.00000000000000e+05     2.44979120515796e+01
     1.00000000000000e+04     9.84769160777495e+00
     1.00000000000000e+03     4.74171338355888e+00
     1.00000000000000e+02     2.03970932146840e+00
     1.00000000000000e+01     1.47262252895500e+00
     1.00000000000000e+00     1.32163691499469e+00
     1.00000000000000e-01     1.22360902609755e+00
     1.00000000000000e-02     1.16298196632347e+00
     1.00000000000000e-03     1.15314078632635e+00
     1.00000000000000e-04     1.13042371387615e+00
     1.00000000000000e-05     1.08564150744831e+00
     1.00000000000000e-06     1.20388819195053e+00
