                   lambda                   misfit
     1.00000000000000e+02     1.80780441262983e+01
     6.00000000000000e+01     1.64346667308468e+01
     3.60000000000000e+01     1.54963648573780e+01
     2.16000000000000e+01     1.53565351691782e+01
     1.29600000000000e+01     1.57728801118512e+01
     7.77600000000000e+00     1.58033831679597e+01
     1.00000000000000e+02     1.62500354644344e+01
     6.00000000000000e+01     1.37096492444467e+01
     3.60000000000000e+01     1.13467793142222e+01
     2.16000000000000e+01     9.42979191243364e+00
     1.29600000000000e+01     7.95908566351402e+00
     7.77600000000000e+00     6.83493442466699e+00
     4.66560000000000e+00     5.91086655800129e+00
     2.79936000000000e+00     5.08994389266837e+00
     1.67961600000000e+00     4.42132478979889e+00
     1.00776960000000e+00     3.88854254959267e+00
     6.04661760000000e-01     3.46613364867404e+00
     3.62797056000000e-01     3.14106789798464e+00
     2.17678233600000e-01     2.89901491633301e+00
     1.30606940160000e-01     2.72477064692511e+00
     7.83641640960000e-02     2.61480814603913e+00
     4.70184984576000e-02     2.59861074091311e+00
     2.82110990745600e-02     2.77597059340261e+00
     1.69266594447360e-02     3.99388786610857e+00
     2.17678233600000e-01     3.10932722672264e+00
     1.30606940160000e-01     2.46016966793603e+00
     7.83641640960000e-02     2.24468351813483e+00
     4.70184984576000e-02     2.06209708278890e+00
     2.82110990745600e-02     1.92307458745912e+00
     1.69266594447360e-02     1.83658049156177e+00
     1.01559956668416e-02     1.84263320134990e+00
     6.09359740010496e-03     2.20514135832989e+00
     7.83641640960000e-02     2.31111622207678e+00
     4.70184984576000e-02     2.06501091879844e+00
     2.82110990745600e-02     1.91686762676234e+00
     1.69266594447360e-02     1.78086577470557e+00
     1.01559956668416e-02     1.67966094817491e+00
     6.09359740010496e-03     1.65825530104138e+00
     3.65615844006298e-03     1.75320771798811e+00
     2.19369506403778e-03     2.04393899973511e+00
     2.82110990745600e-02     2.79915097368330e+00
     1.69266594447360e-02     1.51506823238720e+00
     1.01559956668416e-02     1.44405255924974e+00
     6.09359740010496e-03     1.29416068914136e+00
     3.65615844006298e-03     1.22303928952659e+00
     2.19369506403778e-03     1.19090126188578e+00
     1.31621703842267e-03     1.28303343781782e+00
     7.89730223053602e-04     1.84816904048958e+00
     1.01559956668416e-02     1.48133314938584e+00
     6.09359740010496e-03     1.30560517895319e+00
     3.65615844006298e-03     1.21953399591166e+00
     2.19369506403778e-03     1.14330306912265e+00
     1.31621703842267e-03     1.09328150470684e+00
     7.89730223053602e-04     1.20086033373473e+00
     4.73838133832161e-04     1.54506639550866e+00
     6.09359740010496e-03     1.82888525049022e+00
     3.65615844006298e-03     1.20395902687927e+00
     2.19369506403778e-03     1.18332518321150e+00
     1.31621703842267e-03     1.03876214009824e+00
     7.89730223053602e-04     9.85845304683896e-01
