                   lambda                   misfit
     1.00000000000000e+03     1.24567752400075e+01
     6.00000000000000e+02     1.12487946322262e+01
     3.60000000000000e+02     8.84271857619331e+00
     2.16000000000000e+02     6.65232739461558e+00
     1.29600000000000e+02     5.16859643514769e+00
     7.77600000000000e+01     4.19944507223934e+00
     4.66560000000000e+01     3.44094779339887e+00
     2.79936000000000e+01     2.83484135874755e+00
     1.67961600000000e+01     2.41562602283425e+00
     1.00776960000000e+01     2.22888011273370e+00
     2.79936000000000e+01     2.17493567594362e+00
     1.67961600000000e+01     2.00838376709550e+00
     1.00776960000000e+01     1.79143434994007e+00
     6.04661760000000e+00     1.61977148052032e+00
     3.62797056000000e+00     1.51018569912256e+00
     2.17678233600000e+00     1.43511533159476e+00
     1.30606940160000e+00     1.38496637726352e+00
     7.83641640960000e-01     1.33154688062826e+00
     4.70184984576000e-01     1.25555670654463e+00
     2.82110990745600e-01     1.18965120715769e+00
     7.83641640960000e-01     1.16058265238706e+00
     4.70184984576000e-01     1.13947688162430e+00
     2.82110990745600e-01     1.09517343381082e+00
     1.69266594447360e-01     1.06083633726489e+00
     1.01559956668416e-01     1.03057655554059e+00
     6.09359740010496e-02     1.00270743343074e+00
     3.65615844006297e-02     9.79486389751404e-01
