                   lambda                   misfit
     1.00000000000000e+02     2.44408940387280e+01
     5.00000000000000e+01     1.36160244166777e+01
     2.50000000000000e+01     8.23550585445387e+00
     1.25000000000000e+01     5.63673720908451e+00
     6.25000000000000e+00     4.30701622832905e+00
     3.12500000000000e+00     4.05579272380470e+00
     1.56250000000000e+00     4.17029000381098e+00
     7.81250000000000e-01     4.39392701855040e+00
     1.00000000000000e+02     2.85231789026444e+01
     5.00000000000000e+01     1.65041889963055e+01
     2.50000000000000e+01     9.63413954631836e+00
     1.25000000000000e+01     5.66606312245321e+00
     6.25000000000000e+00     3.52780277238581e+00
     3.12500000000000e+00     2.53780595401639e+00
     1.56250000000000e+00     1.97418630050060e+00
     7.81250000000000e-01     1.66648669356097e+00
     3.90625000000000e-01     1.47458543771903e+00
     1.95312500000000e-01     1.35100937627889e+00
     9.76562500000000e-02     1.25146309878095e+00
     4.88281250000000e-02     1.21305038760395e+00
     2.44140625000000e-02     1.19682017565484e+00
     1.22070312500000e-02     1.20325988883396e+00
     1.00000000000000e+02     2.90818803224263e+01
     5.00000000000000e+01     1.55845421180103e+01
     2.50000000000000e+01     8.38979614843604e+00
     1.25000000000000e+01     4.44421851628253e+00
     6.25000000000000e+00     2.58604137655577e+00
     3.12500000000000e+00     1.74105494340040e+00
     1.56250000000000e+00     1.37156845051769e+00
     7.81250000000000e-01     1.25626661023084e+00
     3.90625000000000e-01     1.31240297112234e+00
     1.95312500000000e-01     1.19196682279160e+00
     9.76562500000000e-02     1.08506516864915e+00
     4.88281250000000e-02     9.71231808583391e-01
