                   lambda                   misfit
     1.00000000000000e+03     1.55713227355995e+02
     5.00000000000000e+02     2.00156900779671e+02
     2.50000000000000e+02     1.29495191814933e+02
     1.25000000000000e+02     1.13309867023364e+02
     6.25000000000000e+01     1.08835800490486e+02
     3.12500000000000e+01     9.05870086994942e+01
     1.56250000000000e+01     7.24381909213152e+01
     7.81250000000000e+00     4.49630588293779e+01
     3.90625000000000e+00     3.51257447550326e+01
     1.95312500000000e+00     2.91594932633656e+01
     9.76562500000000e-01     2.44929628995855e+01
     4.88281250000000e-01     1.78133616598428e+01
     2.44140625000000e-01     9.68385920577327e+00
     1.22070312500000e-01     5.94246451030274e+00
     6.10351562500000e-02     5.14584121356126e+00
     3.05175781250000e-02     5.48642917961541e+00
     1.52587890625000e-02     5.08067591345377e+00
     7.62939453125000e-03     5.10163650865447e+00
     3.81469726562500e-03     4.86126720459198e+00
     1.90734863281250e-03     4.89209630226488e+00
     9.53674316406250e-04     4.82818591585712e+00
     1.00000000000000e+03     1.94083157113726e+01
     5.00000000000000e+02     2.78591258517609e+01
     2.50000000000000e+02     2.00323055321028e+01
     1.25000000000000e+02     1.45505247239633e+01
     6.25000000000000e+01     1.04276223117892e+01
     3.12500000000000e+01     8.44306555653633e+00
     1.56250000000000e+01     6.94734125578967e+00
     7.81250000000000e+00     6.17242468116444e+00
     3.90625000000000e+00     5.64142259535191e+00
     1.95312500000000e+00     5.43554110853952e+00
     9.76562500000000e-01     5.16107675285077e+00
     4.88281250000000e-01     4.82657506022795e+00
     2.44140625000000e-01     4.39667824325107e+00
     1.22070312500000e-01     3.83968174714621e+00
     6.10351562500000e-02     3.47065429124095e+00
     3.05175781250000e-02     3.15896348679840e+00
     1.52587890625000e-02     2.70528427149162e+00
     7.62939453125000e-03     2.78973686423824e+00
     3.81469726562500e-03     2.52020960262707e+00
     1.90734863281250e-03     2.80172962199095e+00
     9.53674316406250e-04     2.67441910651319e+00
     4.76837158203125e-04     2.65004203124265e+00
     2.38418579101562e-04     2.68731376147127e+00
     1.00000000000000e+03     1.15762453985463e+01
     5.00000000000000e+02     1.23372657325160e+01
     2.50000000000000e+02     9.55682248522267e+00
     1.25000000000000e+02     7.68667512864429e+00
     6.25000000000000e+01     6.70515675909546e+00
     3.12500000000000e+01     5.94183427250372e+00
     1.56250000000000e+01     4.98977224759575e+00
     7.81250000000000e+00     4.08480944675257e+00
     3.90625000000000e+00     3.42195491103196e+00
     1.95312500000000e+00     3.03274981477233e+00
     9.76562500000000e-01     2.76379539896451e+00
     4.88281250000000e-01     2.33681325476589e+00
     2.44140625000000e-01     2.12680266976625e+00
     1.22070312500000e-01     1.99008303377082e+00
     6.10351562500000e-02     1.91315153743613e+00
     3.05175781250000e-02     1.82413367254397e+00
     1.52587890625000e-02     1.71334101172213e+00
     7.62939453125000e-03     1.62716380970510e+00
     3.81469726562500e-03     1.43562183176569e+00
     1.90734863281250e-03     1.16762981217299e+00
     9.53674316406250e-04     1.13145300287634e+00
     4.76837158203125e-04     1.34802024407103e+00
     2.38418579101562e-04     1.32224822889105e+00
     1.19209289550781e-04     1.32719163513339e+00
     1.00000000000000e+03     9.05594719497385e+00
     5.00000000000000e+02     7.87500432751628e+00
     2.50000000000000e+02     7.61357266318184e+00
     1.25000000000000e+02     5.74069858215925e+00
     6.25000000000000e+01     4.86906488179851e+00
     3.12500000000000e+01     4.00155472491898e+00
     1.56250000000000e+01     3.08612542285210e+00
     7.81250000000000e+00     2.64107517398168e+00
     3.90625000000000e+00     2.27758854911457e+00
     1.95312500000000e+00     2.01338711401955e+00
     9.76562500000000e-01     1.83355908417204e+00
     4.88281250000000e-01     1.65308386449191e+00
     2.44140625000000e-01     1.54742930303686e+00
     1.22070312500000e-01     1.46680691611494e+00
     6.10351562500000e-02     1.38879124171575e+00
     3.05175781250000e-02     1.28119439159036e+00
     1.52587890625000e-02     1.18406671909437e+00
     7.62939453125000e-03     1.12013787462542e+00
     3.81469726562500e-03     1.06578756819332e+00
     1.90734863281250e-03     9.73159677467056e-01
