                   lambda                   misfit
     1.00000000000000e+06     4.08140333638326e+01
     5.00000000000000e+05     4.79114018170352e+01
     2.50000000000000e+05     4.67355536767520e+01
     1.25000000000000e+05     4.50528493242970e+01
     6.25000000000000e+04     4.29421820158224e+01
     3.12500000000000e+04     4.07156256798182e+01
     1.56250000000000e+04     3.86537866284393e+01
     7.81250000000000e+03     3.63056041883134e+01
     3.90625000000000e+03     3.39027486418830e+01
     1.95312500000000e+03     3.11136755816818e+01
     9.76562500000000e+02     2.71333490242689e+01
     4.88281250000000e+02     2.19388668458093e+01
     2.44140625000000e+02     1.70216570899243e+01
     1.22070312500000e+02     1.54583059874256e+01
     6.10351562500000e+01     1.44318123327185e+01
     3.05175781250000e+01     1.41788756068452e+01
     1.52587890625000e+01     1.40975000985305e+01
     1.22070312500000e+02     1.13782539676174e+01
     6.10351562500000e+01     9.56165604107901e+00
     3.05175781250000e+01     7.76202405472193e+00
     1.52587890625000e+01     6.56424017406301e+00
     7.62939453125000e+00     5.65363707778645e+00
     3.81469726562500e+00     5.11616185136314e+00
     1.90734863281250e+00     4.73998441608732e+00
     9.53674316406250e-01     4.36854485111586e+00
     4.76837158203125e-01     4.03730761988249e+00
     2.38418579101562e-01     3.88643160558263e+00
     1.19209289550781e-01     3.62742792125133e+00
     5.96046447753906e-02     3.59203490781796e+00
     2.98023223876953e-02     3.24691018763805e+00
     1.49011611938477e-02     3.71370626342079e+00
     7.45058059692383e-03     3.79301660231776e+00
     2.38418579101562e-01     2.57353628410572e+00
     1.19209289550781e-01     1.83484233113469e+00
     5.96046447753906e-02     1.65643209862257e+00
     2.98023223876953e-02     1.57602520729430e+00
     1.49011611938477e-02     1.50919059468866e+00
     7.45058059692383e-03     1.45451354066814e+00
     3.72529029846191e-03     1.41217634290088e+00
     1.86264514923096e-03     1.37203147537518e+00
     9.31322574615479e-04     1.33702114809873e+00
     4.65661287307739e-04     1.30275623028428e+00
     2.32830643653870e-04     1.27348195076189e+00
     1.16415321826935e-04     1.23893184015912e+00
     5.82076609134674e-05     1.21223804286075e+00
     2.91038304567337e-05     1.16049950503038e+00
     1.45519152283669e-05     1.12667850381819e+00
     7.27595761418343e-06     1.10622261451000e+00
     3.63797880709171e-06     1.08965393555362e+00
     1.00000000000000e-02     1.07242575715275e+00
     5.00000000000000e-03     1.06543272456669e+00
     2.50000000000000e-03     1.06033000507994e+00
     2.00000000000000e-02     1.04806812928315e+00
     1.00000000000000e-02     1.04140326105070e+00
     5.00000000000000e-03     1.03710082296399e+00
     4.00000000000000e-02     1.03062314891717e+00
     2.00000000000000e-02     1.02707691191263e+00
     1.00000000000000e-02     1.02440361120827e+00
     8.00000000000000e-02     1.01052212622064e+00
     4.00000000000000e-02     9.97279531700257e-01
