                   lambda                   misfit
     1.00000000000000e+03     4.45722405246480e+01
     7.00000000000000e+02     4.17790397558494e+01
     4.90000000000000e+02     3.88110779782336e+01
     3.43000000000000e+02     3.58108872268105e+01
     2.40100000000000e+02     3.28848418610425e+01
     1.68070000000000e+02     3.00758258650644e+01
     1.17649000000000e+02     2.73746182125456e+01
     8.23543000000000e+01     2.47677060741301e+01
     5.76480100000000e+01     2.22684092209835e+01
     4.03536070000000e+01     1.99216328257819e+01
     2.82475249000000e+01     1.77809537287980e+01
     1.97732674300000e+01     1.58777844422361e+01
     1.38412872010000e+01     1.42152009271383e+01
     9.68890104069999e+00     1.27886243228000e+01
     6.78223072848999e+00     1.15130446703452e+01
     4.74756150994300e+00     1.03815915475359e+01
     3.32329305696010e+00     9.32975529661885e+00
     2.32630513987207e+00     8.38377393114156e+00
     1.62841359791045e+00     7.48249146868034e+00
     1.13988951853731e+00     6.65350433074001e+00
     7.97922662976119e-01     5.83148965450001e+00
     5.58545864083283e-01     5.05826132291463e+00
     3.90982104858298e-01     4.28406635284102e+00
     2.73687473400809e-01     3.61273168125014e+00
     1.91581231380566e-01     3.02061809941591e+00
     1.34106861966396e-01     2.51203532215666e+00
     9.38748033764774e-02     2.14865204597706e+00
     6.57123623635342e-02     1.79903068386405e+00
     4.59986536544739e-02     1.56678871954401e+00
     3.21990575581317e-02     1.57597921847234e+00
     1.34106861966396e-01     2.49907096237070e+00
     9.38748033764774e-02     2.03920720969041e+00
     6.57123623635341e-02     1.67958252382615e+00
     4.59986536544739e-02     1.39189482676127e+00
     3.21990575581317e-02     1.16872232499528e+00
     2.25393402906922e-02     1.00225871221343e+00
     1.57775382034845e-02     8.83821841311507e-01
