                   lambda                   misfit
     1.00000000000000e+01     1.50780062709202e+01
     7.00000000000000e+00     1.37756881038309e+01
     4.90000000000000e+00     1.24386728849722e+01
     3.43000000000000e+00     1.10833524204561e+01
     2.40100000000000e+00     9.74344460307586e+00
     1.68070000000000e+00     8.44470893317211e+00
     1.17649000000000e+00     7.23259168906818e+00
     8.23543000000000e-01     6.12351856237085e+00
     5.76480100000000e-01     5.14058081436053e+00
     4.03536070000000e-01     4.27838792549123e+00
     2.82475249000000e-01     3.55233617915747e+00
     1.97732674300000e-01     2.95313248825380e+00
     1.38412872010000e-01     2.46368198156297e+00
     9.68890104069999e-02     2.08498708683605e+00
     6.78223072848999e-02     1.80441015153877e+00
     4.74756150994299e-02     1.60400505707974e+00
     3.32329305696010e-02     1.46368895709409e+00
     2.32630513987207e-02     1.39082952554515e+00
     1.62841359791045e-02     1.33373502853609e+00
     1.13988951853731e-02     1.29779352142130e+00
     7.97922662976119e-03     1.30366416974416e+00
     5.58545864083283e-03     1.28984903534366e+00
     1.62841359791045e-02     8.45333613728872e-01
