                   lambda                   misfit
     1.00000000000000e+03     4.70119783018100e+02
     5.00000000000000e+02     3.54849561217528e+02
     2.50000000000000e+02     2.47596904199107e+02
     1.25000000000000e+02     1.59201252486046e+02
     6.25000000000000e+01     9.52038160243676e+01
     3.12500000000000e+01     5.39933265306908e+01
     1.56250000000000e+01     2.96304096533321e+01
     7.81250000000000e+00     1.64324879889099e+01
     3.90625000000000e+00     9.77302007258268e+00
     1.95312500000000e+00     6.49894262255438e+00
     9.76562500000000e-01     4.96067124861614e+00
     4.88281250000000e-01     4.48506338289063e+00
     2.44140625000000e-01     4.34622626012964e+00
     1.22070312500000e-01     4.31209575871435e+00
     6.10351562500000e-02     4.51528691976025e+00
     3.05175781250000e-02     4.64103513379659e+00
     1.00000000000000e+03     4.84849996316385e+02
     5.00000000000000e+02     3.68704425475697e+02
     2.50000000000000e+02     2.60140700706334e+02
     1.25000000000000e+02     1.69918008667828e+02
     6.25000000000000e+01     1.03719812697899e+02
     3.12500000000000e+01     6.05371008237060e+01
     1.56250000000000e+01     3.45755326904952e+01
     7.81250000000000e+00     1.98596866640224e+01
     3.90625000000000e+00     1.16304122494484e+01
     1.95312500000000e+00     7.04378561576869e+00
     9.76562500000000e-01     4.46193743502753e+00
     4.88281250000000e-01     3.09188613659178e+00
     2.44140625000000e-01     2.32577823455873e+00
     1.22070312500000e-01     1.93787756236008e+00
     6.10351562500000e-02     1.65062760583486e+00
     3.05175781250000e-02     1.47037979317201e+00
     1.52587890625000e-02     1.39443160203858e+00
     7.62939453125000e-03     1.40032529589932e+00
     3.81469726562500e-03     1.44084405347150e+00
     1.00000000000000e+03     5.06639544223660e+02
     5.00000000000000e+02     3.89511114530558e+02
     2.50000000000000e+02     2.78517213222303e+02
     1.25000000000000e+02     1.83860165597540e+02
     6.25000000000000e+01     1.11947416840202e+02
     3.12500000000000e+01     6.32437060808872e+01
     1.56250000000000e+01     3.34194336825812e+01
     7.81250000000000e+00     1.72327104188614e+01
     3.90625000000000e+00     8.89876278020118e+00
     1.95312500000000e+00     4.71209575098663e+00
     9.76562500000000e-01     2.73855795400521e+00
     4.88281250000000e-01     1.87738808946791e+00
     2.44140625000000e-01     1.51933649465533e+00
     1.22070312500000e-01     1.31535133318473e+00
     6.10351562500000e-02     1.19096222439645e+00
     3.05175781250000e-02     1.11330027586169e+00
     1.52587890625000e-02     1.05321760409765e+00
     7.62939453125000e-03     1.00964812086066e+00
     3.81469726562500e-03     9.70732002781017e-01
