                   lambda                   misfit
     1.00000000000000e+03     2.04382550179890e+03
     6.00000000000000e+02     1.62149999921563e+03
     3.60000000000000e+02     1.26078322350983e+03
     2.16000000000000e+02     9.70040801709057e+02
     1.29600000000000e+02     7.42625212483097e+02
     7.77600000000000e+01     5.67566102895647e+02
     4.66560000000000e+01     4.32987279858469e+02
     2.79936000000000e+01     3.28920954129960e+02
     1.67961600000000e+01     2.52595052674324e+02
     1.00776960000000e+01     1.94632726998949e+02
     6.04661760000000e+00     1.57999418123282e+02
     3.62797056000000e+00     1.21679888797627e+02
     2.17678233600000e+00     9.52183183448339e+01
     1.30606940160000e+00     7.56675861911893e+01
     7.83641640960000e-01     9.84232307084080e+01
     4.70184984576000e-01     8.45519513180171e+01
     2.82110990745600e-01     7.33898128250380e+01
     1.69266594447360e-01     6.08847276567931e+01
     1.01559956668416e-01     5.85118778321345e+01
     6.09359740010496e-02     5.92565201616979e+01
     3.65615844006297e-02     6.05327875482149e+01
     4.70184984576000e-01     5.04701789462249e+01
     2.82110990745600e-01     4.15024599134998e+01
     1.69266594447360e-01     3.39960407226615e+01
     1.01559956668416e-01     2.79331288338551e+01
     6.09359740010496e-02     2.30380439955941e+01
     3.65615844006297e-02     1.89636977522387e+01
     2.19369506403778e-02     1.54496966341962e+01
     1.31621703842267e-02     1.23900298542851e+01
     7.89730223053602e-03     9.78154712595919e+00
     4.73838133832161e-03     7.63625534629065e+00
     2.84302880299297e-03     5.93444270266261e+00
     1.70581728179578e-03     4.62946719039584e+00
     1.02349036907747e-03     3.65543579478444e+00
     6.14094221446481e-04     2.93408173469834e+00
     3.68456532867889e-04     2.39808598922809e+00
     2.21073919720733e-04     1.99186738196440e+00
     1.32644351832440e-04     1.68903457192092e+00
     7.95866110994640e-05     1.47104083503580e+00
     4.77519666596784e-05     1.32112582384409e+00
     2.86511799958070e-05     1.23283143067818e+00
     1.71907079974842e-05     1.18569944692869e+00
     1.03144247984905e-05     1.42002557991912e+00
     6.18865487909432e-06     1.67442527153733e+00
     1.00000000000000e+00     6.90892476813369e+01
     6.00000000000000e-01     5.60140564152678e+01
     3.60000000000000e-01     4.58011802732658e+01
     2.16000000000000e-01     3.74409946980557e+01
     1.29600000000000e-01     3.06991886780997e+01
     7.77600000000000e-02     2.52884932578246e+01
     4.66560000000000e-02     2.08604875308345e+01
     2.79936000000000e-02     1.70971046834025e+01
     1.67961600000000e-02     1.38202859788130e+01
     1.00776960000000e-02     1.09886872823656e+01
     6.04661760000000e-03     8.61827937257443e+00
     3.62797056000000e-03     6.70334623994364e+00
     2.17678233600000e-03     5.21113811689397e+00
     1.30606940160000e-03     4.07943222133979e+00
     7.83641640960000e-04     3.24140859350806e+00
     4.70184984576000e-04     2.62289666188069e+00
     2.82110990745600e-04     2.15854688089374e+00
     1.69266594447360e-04     1.81061361453322e+00
     1.01559956668416e-04     1.55500637784934e+00
     6.09359740010496e-05     1.37206520860468e+00
     3.65615844006297e-05     1.24063266122998e+00
     2.19369506403778e-05     1.14258196093014e+00
     1.31621703842267e-05     1.09497281436264e+00
     7.89730223053602e-06     1.06122971625817e+00
     4.73838133832161e-06     1.09340326353364e+00
     2.84302880299297e-06     1.07727506513390e+00
     1.70581728179578e-06     1.08795764960542e+00
     1.00000000000000e+00     6.89014959835087e+01
     6.00000000000000e-01     5.60582560378514e+01
     3.60000000000000e-01     4.58174824111095e+01
     2.16000000000000e-01     3.74601937132506e+01
     1.29600000000000e-01     3.07264345350109e+01
     7.77600000000000e-02     2.53296044056172e+01
     4.66560000000000e-02     2.09172191103283e+01
     2.79936000000000e-02     1.71675921794578e+01
     1.67961600000000e-02     1.38975248709577e+01
     1.00776960000000e-02     1.10569962118693e+01
     6.04661760000000e-03     8.66193857501591e+00
     3.62797056000000e-03     6.71919221745986e+00
     2.17678233600000e-03     5.19049992109252e+00
     1.30606940160000e-03     4.02114081972853e+00
     7.83641640960000e-04     3.15312168291684e+00
     4.70184984576000e-04     2.51887877477605e+00
     2.82110990745600e-04     2.05240224362080e+00
     1.69266594447360e-04     1.71052744670916e+00
     1.01559956668416e-04     1.46279036131911e+00
     6.09359740010496e-05     1.28506267761456e+00
     3.65615844006297e-05     1.16210550790398e+00
     2.19369506403778e-05     1.07744560711094e+00
     1.31621703842267e-05     1.02030416090743e+00
     7.89730223053602e-06     9.79673085685667e-01
